Frequencies for trace parameter:	Th2D
Analyzed image:	\Rabbit delta 78 heterozygote022_SpQP_spq_210215_210348_f.tif

t [frame]	Primary freq.	Amplitude of primary freq. peak in FFT	Secondary freq.	Amplitude of secondary freq. peak in FFT	COM freq.
0-200	9.0	1995.1845285353813	6.0	939.0759266336518	17.393456133347836
1-201	9.0	1994.0795577716297	6.0	937.6869832269942	17.387805176044044
2-202	9.0	1998.333801765347	6.0	942.241732209106	17.38643772217445
3-203	9.0	1989.155444684366	7.0	945.6012680578418	17.379955857894714
4-204	9.0	2002.5691320405829	6.0	945.8328363700449	17.402771353781258
5-205	9.0	2018.3574039421726	6.0	978.2842116484528	17.364807293976586
6-206	9.0	2021.361299686513	6.0	996.1212339242162	17.392582692536074
7-207	9.0	2019.968110580953	6.0	1016.718771760276	17.37287947201153
8-208	9.0	2011.963186732596	6.0	1029.150127703067	17.37665518191064
9-209	9.0	2041.5850360702516	6.0	1007.0150219502707	17.612888219233373
10-210	9.0	2051.682805340691	6.0	1019.4791410451505	17.670453509622988
11-211	9.0	1991.9385655203034	6.0	1035.402899050055	17.34012888622583
12-212	9.0	2079.6824054306935	6.0	1049.399327046373	17.80395800545311
13-213	9.0	2094.3636000276283	6.0	1067.9301170935091	17.88308013765404
14-214	9.0	2027.6894621194215	6.0	1042.6409600521229	17.356816178884586
15-215	9.0	2062.044394340011	6.0	1072.3083331203588	17.443059844451778
16-216	9.0	2091.372230403933	6.0	1115.5929364516903	17.430548496549413
17-217	9.0	2107.2903687784437	6.0	1167.7879975513656	17.474094341550995
18-218	9.0	2107.0252875810384	6.0	1214.4590921850381	17.44507366145051
19-219	9.0	2099.7654809493038	6.0	1253.0899373875077	17.454876819344705
20-220	9.0	2078.3497181084613	6.0	1299.3123159279523	17.447994907348114
21-221	9.0	2048.400269048097	6.0	1339.8193035317486	17.475087866948908
22-222	9.0	2032.23309874236	6.0	1354.5942292190362	17.426506057899918
23-223	9.0	2034.86892505905	6.0	1352.374262033577	17.428740985549663
24-224	9.0	2042.7054784489935	6.0	1347.1351959873477	17.42692103658126
25-225	9.0	2037.3468418235088	6.0	1347.9788184328922	17.442577791987592
26-226	9.0	2050.086160571803	6.0	1342.103458741315	17.436227208144675
27-227	9.0	2069.3056372712153	6.0	1341.3652172862915	17.43054208740966
28-228	9.0	2077.9864055081557	6.0	1343.501705741557	17.47379174482568
29-229	9.0	2083.9858411656683	6.0	1353.3826319665873	17.40932393022444
30-230	9.0	2081.7844591779103	6.0	1369.0617934708255	17.44549436395166
31-231	9.0	2072.105694014162	6.0	1388.0884034544563	17.430397693173067
32-232	9.0	2057.5587287249396	6.0	1407.4270777249315	17.39681880187881
33-233	9.0	2046.2270802857377	6.0	1419.8852822883036	17.404133553989794
34-234	9.0	2045.0928548136494	6.0	1420.7266266531926	17.39714404375765
35-235	9.0	2154.616758711541	6.0	1310.5797730177374	18.05934746745224
36-236	9.0	2172.769659969407	6.0	1292.6958022913057	18.047471861361576
37-237	9.0	2105.9143288805544	6.0	1358.7257599337947	17.461909015038596
38-238	9.0	2142.063209703526	6.0	1316.3983052725873	17.440191481533574
39-239	9.0	2162.520179270869	6.0	1289.6011619169371	17.464894390962993
40-240	9.0	2177.0755946200866	6.0	1262.5120133555345	17.52872198303861
41-241	9.0	2179.4401738842025	6.0	1239.9250395458578	17.52266063463113
42-242	9.0	2168.741101098638	6.0	1232.1353064758425	17.454894299358365
43-243	9.0	2149.936577211962	6.0	1234.4770767884113	17.525130591986468
44-244	9.0	2124.7206453391473	6.0	1244.5220456693035	17.48360033412612
45-245	9.0	2101.122475533976	6.0	1258.3530589736026	17.482954335538682
46-246	9.0	2095.8172996313124	6.0	1262.409770934257	17.469469762668393
47-247	9.0	2089.7761862291013	6.0	1268.106776117483	17.473060059698014
48-248	9.0	2103.0714847415456	6.0	1257.471833859387	17.471306418722513
49-249	9.0	2120.407531559203	6.0	1236.9538945353459	17.467436507818277
50-250	9.0	2131.7683021947705	6.0	1220.7658140801248	17.495609896588228
51-251	9.0	2145.394763964906	6.0	1191.5150169854965	17.44273316291361
52-252	9.0	2152.44132688556	6.0	1157.6513134565475	17.487401636554104
53-253	9.0	2148.585393989398	6.0	1120.5869894110963	17.44979340582843
54-254	9.0	2137.4358906010693	6.0	1096.0271374994197	17.42614383785287
55-255	9.0	2124.516032147159	6.0	1081.958436243964	17.418398896844472
56-256	9.0	2112.1579528771317	6.0	1074.7929137386968	17.40858152227905
57-257	9.0	2102.042687381512	6.0	1072.6817809560955	17.394036805546634
58-258	9.0	2105.860316998429	6.0	1072.7762751479133	17.409366469926518
59-259	9.0	2106.1860205247845	6.0	1072.8022243909838	17.394349809595504
60-260	9.0	2112.5265173466064	6.0	1072.188454087671	17.403639832229583
61-261	9.0	2133.201358193036	6.0	1063.0264790480842	17.424708161447505
62-262	9.0	2151.1091812886893	6.0	1045.1361123315746	17.449595171636872
63-263	9.0	2165.5117889612343	6.0	1014.9984299249741	17.53888327287086
64-264	9.0	2167.953849318778	13.0	894.0345379139628	17.4947655721811
65-265	9.0	2157.2055651214455	13.0	860.0618568761361	17.538831990063994
66-266	9.0	2136.558358570923	25.0	836.5855498577745	17.52294936986855
67-267	9.0	2112.0199349608765	30.0	831.2093447619461	17.50288438717671
68-268	9.0	2092.9286184161333	5.0	865.5815235846885	17.505931177082537
69-269	9.0	2080.246348435795	5.0	877.1622449973788	17.500004946014386
70-270	9.0	2079.160259458475	5.0	878.4327659028228	17.491184298017536
71-271	9.0	2078.6759382456808	5.0	879.3554230547621	17.48538907271739
72-272	9.0	2090.640633401487	5.0	865.6571424694561	17.497660541967292
73-273	9.0	2106.482261282577	14.0	801.2259539828273	17.48184909391729
74-274	9.0	2115.3485624201057	14.0	816.924912223902	17.455902072905623
75-275	9.0	2112.989096957254	14.0	814.3873116996265	17.454605218959657
76-276	9.0	2116.886941272366	14.0	819.0812310900202	17.47596097123955
77-277	9.0	2111.146047325661	14.0	811.6483489254305	17.443834752610346
78-278	9.0	2096.522167988727	30.0	794.2815318268766	17.48302570154159
79-279	9.0	2077.0432731519177	31.0	801.1632391541349	17.432497346932138
80-280	9.0	2071.9561114064263	31.0	799.130715209961	17.4377945789586
81-281	9.0	2082.2044326891323	31.0	803.8405736493655	17.437414254543217
82-282	9.0	2099.5092237163353	31.0	821.0126534291193	17.46801846271849
83-283	9.0	2118.8587516688813	31.0	828.3562811151652	17.455276500764523
84-284	9.0	2142.532911252831	31.0	815.6057266303187	17.49984593834805
85-285	9.0	2165.2910250610043	32.0	818.8288504791029	17.53199285744111
86-286	9.0	2176.091638977246	32.0	792.8357757539293	17.465149904486246
87-287	9.0	2173.8245853009903	24.0	822.8407325693645	17.546839478262996
88-288	9.0	2163.2644309283646	24.0	838.9221788013388	17.52712425962321
89-289	9.0	2142.829665432203	31.0	842.4875721734863	17.489629371956635
90-290	9.0	2108.186700501258	31.0	829.390357594549	17.50621993311021
91-291	9.0	2077.8439688946223	32.0	813.4856375816244	17.52517223358061
92-292	9.0	2067.912828407575	32.0	806.3659660295806	17.503731614593274
93-293	9.0	2067.063714342501	32.0	802.3669377968284	17.516145760473254
94-294	9.0	2063.771012908113	32.0	806.5553732774104	17.510975832237992
95-295	9.0	2072.3253615066833	32.0	806.0975018176432	17.51617101837493
96-296	9.0	2084.677142814697	13.0	817.2723659740176	17.508551339832554
97-297	9.0	2092.779279813351	13.0	839.9762927088371	17.50074692462899
98-298	9.0	2095.646402925225	13.0	863.1156642245718	17.50438225777223
99-299	9.0	2093.6163571185384	13.0	873.259673819604	17.465485273747827
100-300	9.0	2088.93939099824	13.0	876.2378327141536	17.47935977549342
101-301	9.0	2084.2268915273016	6.0	1224.2083918452577	17.46858765922764
102-302	9.0	2073.4358503384237	6.0	1236.2770137760033	17.457044916832103
103-303	9.0	2063.4347489151687	6.0	1245.6263748855315	17.45534588050501
104-304	9.0	2068.450639795886	6.0	1240.3418819575547	17.45515767437016
105-305	9.0	2064.6740266245865	6.0	1243.4601557967433	17.524819201013244
106-306	9.0	2083.590883553882	6.0	1227.3715684734123	17.4096467892384
107-307	9.0	2099.4327456729548	6.0	1213.2295002139745	17.429919882733056
108-308	9.0	2109.391603324594	6.0	1205.045218017231	17.456247285184265
109-309	9.0	2122.9351589525295	6.0	1191.6056638802293	17.46983818653095
110-310	9.0	2120.491735787414	6.0	1191.4592040024556	17.535704105362022
111-311	9.0	2107.329004598721	6.0	1200.488187120263	17.494510171207644
112-312	9.0	2083.506489745683	6.0	1218.7960954982486	17.532810772535925
113-313	9.0	2050.7661223922955	6.0	1245.3374603941918	17.558804706546628
114-314	9.0	2015.386091826303	6.0	1275.5715334154797	17.460769357822596
115-315	9.0	2002.8535303260155	6.0	1286.8388006934651	17.503578634661718
116-316	9.0	2011.1630720356745	6.0	1278.7358738978326	17.49700033317678
117-317	9.0	2014.0673194353535	6.0	1277.6346255951744	17.536844193620297
118-318	9.0	1997.6969839515898	6.0	1315.1092510050898	17.340303431618903
119-319	9.0	2059.5061373743774	6.0	1209.3107938955172	17.828296691723956
120-320	9.0	2137.0044286964676	6.0	995.5053294802455	17.26088692817012
121-321	9.0	2157.491155543782	6.0	919.2155206784513	16.844668865306936
122-322	9.0	2156.145824398487	6.0	904.3117172322817	16.84435554193442
123-323	9.0	2140.1305027313206	6.0	892.8502064613214	16.789066773354378
124-324	9.0	2179.957124619075	6.0	885.3429933703836	17.217774567005
125-325	9.0	2174.251676642367	6.0	874.9233387152798	17.106211049456427
126-326	9.0	2061.746311159743	6.0	919.2622805773351	16.76155088245074
127-327	9.0	2039.1218022789328	6.0	935.2810462490221	16.718322680205603
128-328	9.0	2056.6562540260893	6.0	920.4387989707126	16.737156513853325
129-329	9.0	2049.339304127599	6.0	928.1009248550241	16.725805141990033
130-330	9.0	2070.2288713817775	6.0	905.2250606734355	16.772573047818984
131-331	9.0	2088.1168339477995	6.0	874.999558023076	16.748102222639424
132-332	9.0	2100.692837460211	3.0	844.4570584396608	16.80747340054691
133-333	9.0	2104.6155611073536	3.0	822.8610822253944	16.83456715519547
134-334	9.0	2095.687876374441	3.0	806.423375491911	16.831244509345787
135-335	9.0	2072.088691521836	3.0	796.5746494397127	16.883461187392797
136-336	9.0	2037.77744664574	3.0	794.8545253565293	16.84285858828895
137-337	9.0	2002.1869107857774	3.0	800.0604859845703	16.842104926806403
138-338	9.0	1966.6645125283937	5.0	670.9693685263877	16.880906852663287
139-339	9.0	1940.6554212038486	5.0	679.4222339300295	16.798903976951916
140-340	9.0	1922.4226183976766	5.0	688.9212283615925	16.80677094053353
141-341	9.0	1922.4754863742246	5.0	690.6015284401835	16.79946387411839
142-342	9.0	1921.7896452342306	5.0	698.3567459709454	16.782125609316193
143-343	9.0	1927.7263874477221	5.0	720.054356650385	17.224626389115283
144-344	9.0	1950.9742787565633	29.0	712.1077495870629	16.5265472832502
145-345	9.0	1923.4450007617	13.0	698.817827065447	16.034949169981395
146-346	9.0	1938.259563317806	13.0	733.1980644856523	14.74148167791211
147-347	9.0	1856.6375802686023	14.0	783.7254291139502	14.843438857844953
148-348	9.0	1847.612306487523	14.0	807.609098491002	14.192293745029986
149-349	9.0	1793.689734331544	15.0	799.9893095056956	14.358759432058026
150-350	9.0	1902.3483066128792	14.0	890.6007365667598	12.96371188805815
151-351	9.0	1789.3495822384634	15.0	798.1077647842072	14.36512557578284
152-352	8.0	1827.5067748964602	15.0	465.2509090023732	15.81558675057042
153-353	8.0	1911.6034996525416	15.0	365.8043660532401	12.86143494748456
154-354	8.0	1886.5451532166871	15.0	399.80208686698893	13.242667522566292
155-355	8.0	1867.8966192073253	15.0	428.4451427428591	13.674120591391656
156-356	8.0	1855.6735618205194	15.0	451.3306034686551	14.058086424274569
157-357	8.0	1857.6970547686653	15.0	455.5624652761906	14.284040452129627
158-358	8.0	1873.2972490491607	15.0	441.57378275703417	14.05533639581288
159-359	8.0	1904.98255742789	15.0	406.9027889935477	14.297454654376994
160-360	8.0	1943.5111550614386	3.0	398.8170434760585	14.095066076224711
161-361	8.0	1980.0495464985017	3.0	438.4910495394441	13.497097074716299
162-362	8.0	2005.6883000289633	3.0	464.0750925435383	13.050107340645788
163-363	8.0	2042.347663556711	3.0	500.82177567486724	11.513053140215575
164-364	8.0	2030.8654832765799	3.0	489.6290835603259	12.26922135941129
165-365	8.0	1996.1176326680034	3.0	451.1090633914959	13.190513897829875
166-366	8.0	1960.2218463181698	3.0	403.82808909376575	13.26863119006253
167-367	8.0	1951.521080449917	3.0	412.04117672201244	14.463030645252722
168-368	8.0	1922.7888305916829	3.0	365.85694221249616	14.840277061773271
169-369	8.0	1938.8882269114652	3.0	302.8068631968413	14.432806310251543
170-370	8.0	1968.1301622867863	3.0	297.1264680109317	14.80646120006932
171-371	8.0	1903.7915893848126	3.0	301.8784651550791	15.672685456675135
172-372	8.0	1858.772599705128	3.0	303.6228710826	15.508416807482691
173-373	8.0	1967.151129371315	3.0	303.2680262572928	16.10212358099002
174-374	8.0	1946.4294823429086	3.0	301.2123150617956	16.58501207118473
175-375	8.0	1892.7929753541805	3.0	290.75656122207	13.735108889084277
176-376	8.0	1866.4939664084557	3.0	286.93821222640076	14.416089420700544
177-377	8.0	1829.6240754054827	3.0	281.6582414031736	14.472961463356976
178-378	8.0	1804.7081721099394	3.0	278.7174822803961	13.503278409906859
179-379	8.0	1793.2040870332105	16.0	176.1106079755088	15.35839293825664
180-380	8.0	1783.9513186350982	16.0	179.5318793448156	16.4445644126981
181-381	8.0	1794.2069016277717	4.0	282.7042961929829	13.263259318668382
182-382	8.0	1812.5986950250865	4.0	326.0918919038395	12.699139286451027
183-383	8.0	1829.0653689694543	4.0	354.6838696470705	13.461835637871543
184-384	8.0	1876.2571542146425	4.0	411.36253644775485	11.93713528008139
185-385	8.0	1903.0176758938728	4.0	438.56401251539336	11.418194678436784
186-386	8.0	1906.709563207172	4.0	442.205196339238	11.596353575578394
187-387	8.0	1924.8733196009084	4.0	458.7051532239618	11.613202139741638
188-388	8.0	1923.329474376386	4.0	457.5539064587616	11.145618708742301
189-389	8.0	1899.2710327272111	4.0	434.0249153919554	11.500062843382798
190-390	8.0	1885.3039026945517	4.0	420.09165089162997	12.540939941875841
191-391	8.0	1867.5932322500469	5.0	402.96407373422954	12.902121563749864
192-392	8.0	1860.4337596696878	17.0	294.8203682445633	12.551184187981995
193-393	8.0	1863.7141234650528	17.0	294.6378547758489	12.186048578888961
194-394	8.0	1876.955758317832	17.0	278.51773446578716	12.287512955275615
195-395	8.0	1895.9369439095085	3.0	436.3566782677924	11.545952985396577
196-396	8.0	1943.0126155593293	3.0	486.7398947522706	13.317742066763824
197-397	8.0	1941.7104984952523	3.0	483.4164064120195	14.108241236027345
198-398	8.0	1882.1046140570095	17.0	254.75598972761	11.299876649926778
199-399	8.0	1852.0581670518693	17.0	263.9307509591838	12.145542735871743
200-400	8.0	1815.8186598757197	17.0	260.6160423778167	13.10939312195627

Datafile was generated by 'SpermQ_', (© 2016 - 2021: Jan N Hansen (jan.hansen@uni-bonn.de.de) & Jan F Jikeli (jan.jikeli@caesar.de))
The plug-in 'SpermQ_' is distributed in the hope that it will be useful, but WITHOUT ANY WARRANTY; without even the implied warranty of MERCHANTABILITY or FITNESS FOR A PARTICULAR PURPOSE.
Skeleton results are generated using the ImageJ plug-ins 'skeletonize' and 'analyze skeleton' by: Ignacio Arganda-Carreras, Rodrigo Fernandez-Gonzalez, Arrate Munoz-Barrutia, Carlos Ortiz-De-Solorzano, '3D reconstruction of histological sections: Application to mammary gland tissue', Microscopy Research and Technique, Volume 73, Issue 11, pages 1019-1029, October 2010.
Plug-in version:	v0.2.2
