Saving date:	2021-02-15	21:06:13	Analysis started:	2021-02-15	21:03:48
Processed image:	Rabbit delta 78 heterozygote022_SpQP.tif

SETTINGS: 
	Sample rate [Hz]:	200.000000
	Tethered sperm:	false
	xy calibration [um]:	0.550000
	TRACE GENERATION
	Selected thresholding method:	Default
	Gaussian blur for trace generation - sigma:	0.500
	Repeat gaussian blur after binarization:	true
	Blur only inside manual selection:	false
	Upscale trace (fold):	3
	Head center-of-mass added as first point of trace:	false
	Unify start points (e.g. for tethered sperm):	false
	XY PRECISION AND GAUSS FITS
	Filter out points with unaccepted normal gauss fit:	false
	Max vector length [points]:	20
	Normal vector radius [um]:	6.000000
	Exclude head points from correction / deletion (initial 0 points):	false
	Smooth normal for xy fit:	true
	SMOOTHING
	Z smoothing method:	median
	Accepted xy distance for fit-width-smoothing:	9.600000
	# points before or after individual point included in xy- and fit-width-smoothing:	15
	Maximum distance of points to find a reference vector:	6.400000
	ADDITIONAL CALCULATIONS:
	Curvature and dAngle Calcultion - distance of upstream reference point:	10.000000
	Grouped timesteps for fourier transform:	200
	Initial arclengths neglected for forier transform (µm):	0.000000
	Head rotation matrix radius (points):	10

RESULTS:
Angle Theta [°]:		2D
	0	56.069699
	1	66.402769
	2	60.659271
	3	57.007171
	4	101.606569
	5	93.252615
	6	104.175315
	7	104.175315
	8	108.326743
	9	106.519255
	10	100.048925
	11	99.013020
	12	100.947206
	13	98.435731
	14	88.081056
	15	61.931107
	16	62.932654
	17	59.804235
	18	78.296672
	19	60.114526
	20	63.058111
	21	59.630253
	22	75.597406
	23	77.003324
	24	66.274190
	25	74.078259
	26	97.030812
	27	76.125596
	28	97.399204
	29	100.849363
	30	103.088699
	31	105.938140
	32	102.582158
	33	99.076190
	34	94.366980
	35	96.577666
	36	87.522456
	37	68.215408
	38	74.794236
	39	84.519753
	40	57.672669
	41	60.607893
	42	65.089110
	43	66.479604
	44	60.671990
	45	68.003810
	46	76.083589
	47	75.956711
	48	89.377061
	49	70.874382
	50	96.353023
	51	92.136603
	52	104.156265
	53	106.703597
	54	98.138299
	55	97.645024
	56	99.307120
	57	99.543218
	58	94.775389
	59	114.269919
	60	81.363692
	61	87.577546
	62	68.059260
	63	66.700111
	64	63.154492
	65	67.088451
	66	65.817172
	67	70.246855
	68	70.086449
	69	72.856482
	70	79.473874
	71	76.945144
	72	87.583590
	73	88.291082
	74	83.289707
	75	59.225396
	76	83.075839
	77	103.320843
	78	100.092098
	79	102.616757
	80	86.101874
	81	88.219991
	82	81.277358
	83	92.101267
	84	71.862222
	85	80.530975
	86	67.464217
	87	81.989268
	88	68.215531
	89	73.393320
	90	73.872275
	91	92.110805
	92	86.690371
	93	82.864040
	94	84.747123
	95	94.225553
	96	89.752652
	97	93.112187
	98	80.235424
	99	87.746757
	100	74.264270
	101	98.215468
	102	99.003468
	103	96.202475
	104	84.489152
	105	93.032592
	106	42.353834
	107	96.218237
	108	87.796751
	109	77.118158
	110	77.092875
	111	76.950012
	112	75.704525
	113	76.031208
	114	80.900018
	115	96.694077
	116	96.356208
	117	89.604703
	118	120.273941
	119	245.882561
	120	244.989890
	121	95.844629
	122	103.972973
	123	98.558148
	124	81.913741
	125	248.458526
	126	114.111069
	127	67.407924
	128	119.610761
	129	86.276714
	130	78.041208
	131	73.879261
	132	75.367817
	133	72.454479
	134	70.477752
	135	72.996269
	136	78.890056
	137	83.377340
	138	82.578856
	139	88.520050
	140	91.105709
	141	96.457601
	142	100.843240
	143	135.311728
	144	243.226393
	145	81.955941
	146	246.299781
	147	104.168772
	148	197.913783
	149	99.766941
	150	96.872608
	151	334.322082
	152	334.400340
	153	75.813802
	154	82.033245
	155	74.543125
	156	75.966439
	157	73.977429
	158	72.321503
	159	73.854412
	160	79.118256
	161	82.551196
	162	88.415111
	163	89.976689
	164	130.746631
	165	138.931358
	166	138.881196
	167	132.958873
	168	273.214682
	169	125.624373
	170	97.037037
	171	31.673211
	172	287.416076
	173	89.636817
	174	29.131871
	175	83.747324
	176	79.464468
	177	74.145934
	178	90.601765
	179	96.952958
	180	53.472779
	181	81.415671
	182	115.788954
	183	88.851364
	184	87.454161
	185	125.835837
	186	103.236191
	187	107.608437
	188	130.390974
	189	99.937895
	190	122.102491
	191	124.850849
	192	119.295259
	193	108.279240
	194	108.600236
	195	101.921772
	196	90.697947
	197	7.315972
	198	74.761090
	199	64.764600
	200	63.894567
	201	58.504520
	202	57.174894
	203	57.416319
	204	70.147730
	205	69.801990
	206	75.915248
	207	83.902848
	208	236.355294
	209	94.610912
	210	94.925004
	211	280.037331
	212	111.527926
	213	118.298978
	214	117.621827
	215	115.536661
	216	109.857234
	217	110.053736
	218	108.722496
	219	107.246833
	220	94.855114
	221	86.862400
	222	75.510445
	223	70.483109
	224	66.031239
	225	63.628631
	226	65.019835
	227	66.013078
	228	67.396581
	229	70.838118
	230	76.585595
	231	83.273780
	232	90.000000
	233	97.686375
	234	311.018519
	235	112.620859
	236	114.092173
	237	116.808715
	238	117.613869
	239	118.375425
	240	114.713499
	241	111.087015
	242	109.732085
	243	98.804088
	244	85.010172
	245	82.124342
	246	72.137537
	247	68.567438
	248	63.717359
	249	66.286670
	250	62.689746
	251	63.506682
	252	67.654313
	253	71.483948
	254	76.594716
	255	84.615624
	256	90.163630
	257	96.807910
	258	100.649760
	259	109.991732
	260	109.452738
	261	112.639952
	262	113.156132
	263	114.341503
	264	111.056135
	265	109.237973
	266	99.704565
	267	90.053343
	268	80.852451
	269	80.117261
	270	73.211002
	271	70.006609
	272	63.717359
	273	68.842084
	274	71.924609
	275	73.895880
	276	77.191331
	277	80.726356
	278	84.735183
	279	91.981092
	280	98.668377
	281	102.234269
	282	110.268719
	283	116.363745
	284	116.679624
	285	116.277311
	286	119.218739
	287	120.636292
	288	101.190909
	289	114.741670
	290	110.371994
	291	96.614210
	292	89.872911
	293	83.754360
	294	77.777038
	295	75.943267
	296	68.880393
	297	68.239455
	298	70.028892
	299	73.807225
	300	80.852451
	301	86.528908
	302	95.042451
	303	95.769767
	304	102.795495
	305	106.542105
	306	78.385808
	307	111.787570
	308	115.335577
	309	119.202283
	310	117.207049
	311	119.194426
	312	113.984578
	313	107.938624
	314	100.218712
	315	90.000000
	316	86.307377
	317	80.449492
	318	72.148645
	319	66.999500
	320	64.935347
	321	68.127812
	322	64.822566
	323	72.023101
	324	78.898650
	325	82.572580
	326	91.066407
	327	92.178162
	328	103.332915
	329	105.403176
	330	108.316172
	331	114.036498
	332	120.122263
	333	118.102123
	334	122.370555
	335	125.128729
	336	122.874613
	337	115.064872
	338	113.006962
	339	101.686792
	340	95.042451
	341	90.014581
	342	84.934081
	343	81.923783
	344	80.799787
	345	79.284323
	346	79.273946
	347	84.957549
	348	85.805818
	349	95.251088
	350	100.726054
	351	103.957358
	352	108.971343
	353	111.538180
	354	120.122769
	355	122.371309
	356	122.904400
	357	122.590566
	358	127.887040
	359	123.706716
	360	115.638034
	361	113.284148
	362	102.222962
	363	98.668377
	364	91.833332
	365	90.000000
	366	84.957549
	367	80.117261
	368	84.957549
	369	84.957549
	370	96.779037
	371	98.048606
	372	104.151673
	373	106.463368
	374	107.599341
	375	114.618181
	376	114.778705
	377	120.965343
	378	123.843935
	379	120.828479
	380	124.824994
	381	129.543262
	382	129.396855
	383	125.658742
	384	124.776836
	385	116.984675
	386	116.605780
	387	105.238897
	388	97.232373
	389	90.000000
	390	84.957549
	391	80.717507
	392	79.273946
	393	75.330481
	394	83.754360
	395	82.118827
	396	90.000000
	397	95.553466
	398	99.602993
	399	106.349065
	Average found primary freq.:	8.756219
	Average found secondary freq.:	9.462687
	Average COM freq.:	16.323130

head position		x [µm]	y [µm]	width (no interpol) [µm]	width (mean-smooth) [µm]	width (median-smooth) [µm]
	0	54.844907	71.500000	1.268124	1.040128	1.020135
	1	55.113751	70.950000	0.960341	1.013734	1.030998
	2	55.328640	71.500000	0.901598	0.151733	-0.694027
	3	55.000000	72.050000	0.789984	-0.628745	-0.126625
	4	61.050000	71.500000	0.833741	0.627728	0.728599
	5	60.754731	70.400000	1.094138	0.602895	0.587547
	6	61.600000	71.500000	1.367880	1.404092	1.371582
	7	61.600000	72.050000	1.848137	1.811101	1.878467
	8	62.150000	72.050000	1.686047	1.739619	1.737521
	9	62.150000	72.600000	2.159389	2.059274	2.148325
	10	62.150000	70.950000	1.717848	1.807386	1.795621
	11	62.150000	70.950000	1.834329	1.697675	1.704730
	12	62.151083	70.784675	1.406269	1.591726	1.610965
	13	61.651176	70.219647	1.192371	0.933550	0.922627
	14	60.500000	69.850000	0.745199	0.649911	0.735901
	15	55.368483	70.289455	0.869948	0.741274	0.724911
	16	55.120267	69.850000	0.839201	0.856721	0.859964
	17	54.964869	70.403513	0.974365	1.066384	1.067655
	18	55.550000	68.750000	0.953169	0.910370	0.908726
	19	54.624379	70.400000	1.220227	1.169728	1.182442
	20	54.568071	69.850000	1.151083	1.156884	1.135825
	21	54.380116	70.400000	1.313927	1.221420	1.218593
	22	55.128911	68.788673	0.991143	0.992217	0.977453
	23	55.550000	69.300000	0.902787	0.912241	0.920116
	24	55.006095	69.850000	0.947995	0.976940	0.972058
	25	55.550000	69.300000	0.730333	0.650383	0.657416
	26	60.500000	69.300000	3.983553	0.740342	0.952174
	27	58.850000	68.750000	1.418604	0.915718	0.877094
	28	61.139666	69.300000	0.992299	1.066214	1.060095
	29	61.392418	69.747275	1.209901	1.116805	1.151743
	30	61.884857	69.850000	1.331469	1.250019	1.257409
	31	61.600000	70.950000	1.470828	1.618754	1.626994
	32	61.600000	70.400000	1.518433	1.685213	1.673274
	33	61.600000	69.850000	1.528607	1.578978	1.574543
	34	61.600000	68.750000	1.469721	1.299802	1.339350
	35	61.648660	69.120402	1.092269	1.116895	1.031735
	36	60.500000	68.750000	0.740562	0.811912	0.756621
	37	55.464595	68.750000	0.802653	0.789144	0.802863
	38	55.125180	68.225036	0.966821	0.875620	0.904902
	39	55.609801	67.685881	0.898051	0.924793	0.928386
	40	54.225528	69.850000	1.407864	1.316373	1.300466
	41	54.066147	69.800156	1.455990	1.517435	1.498229
	42	53.900000	69.300000	1.560484	1.763574	1.762659
	43	53.900000	69.300000	1.647550	1.626186	1.613866
	44	53.900000	69.850000	1.479169	1.452571	1.442065
	45	54.450000	69.300000	1.318228	1.407854	1.391011
	46	54.690159	68.200000	1.128718	1.120660	1.118970
	47	54.727657	68.750000	1.106572	1.098982	1.101806
	48	55.673851	67.650000	0.816684	0.765558	0.775618
	49	55.000000	68.750000	0.731132	0.686788	0.689576
	50	60.500000	68.200000	0.762159	0.590844	0.583606
	51	60.671047	67.598686	0.961541	0.837870	0.844718
	52	61.813037	68.750000	1.302222	1.396778	1.402528
	53	61.600000	69.850000	1.446245	1.413820	1.428501
	54	61.600000	68.200000	1.393469	1.323116	1.292123
	55	61.600000	68.750000	1.515676	1.577017	1.546077
	56	61.600000	68.750000	1.445134	1.539492	1.464326
	57	61.814652	68.200000	1.262866	1.356623	1.332340
	58	61.105535	67.644446	0.905382	1.052650	1.028749
	59	58.300000	66.000000	1.431132	1.295607	1.514851
	60	55.314570	66.982285	0.967581	0.909578	0.914578
	61	55.380717	66.448430	1.171021	1.100946	1.093949
	62	54.132492	68.200000	1.226470	1.321927	1.292463
	63	53.900000	68.200000	1.817011	1.741178	1.737188
	64	53.900000	68.750000	1.660041	1.708400	1.714261
	65	53.900000	68.200000	1.755969	1.755349	1.774659
	66	53.900000	68.750000	1.832853	2.000950	1.998773
	67	53.900000	68.200000	1.665368	1.745507	1.745396
	68	53.900000	68.200000	1.479827	1.530398	1.512786
	69	53.900000	67.650000	1.653874	1.661690	1.665293
	70	54.458481	67.100000	1.364454	1.367788	1.375840
	71	54.512021	67.650000	1.088734	1.153760	1.166694
	72	55.259109	66.375466	1.121582	1.010782	1.017791
	73	55.550000	66.550000	0.672613	0.668380	0.640544
	74	59.950000	66.550000	0.722006	0.597035	0.626737
	75	57.750000	66.000000	1.068071	0.760110	0.885090
	76	60.231803	66.080459	1.119598	1.005611	1.036698
	77	61.670999	67.650000	1.166338	1.277880	1.216787
	78	61.693310	67.100000	1.401837	1.469876	1.387338
	79	61.600000	68.200000	1.652459	1.598212	1.605161
	80	60.888156	65.767106	1.240773	1.192369	1.202761
	81	60.812359	65.906292	1.062264	0.922725	0.907413
	82	58.850000	75.350000	1.920452	1.833400	1.845847
	83	56.100000	65.450000	0.892424	0.834797	0.815249
	84	54.594742	67.100000	1.290671	1.299552	1.270660
	85	54.450000	65.450000	1.465636	1.382912	1.417615
	86	53.900000	67.100000	1.608609	1.575161	1.580018
	87	54.488283	65.692970	1.351714	1.848970	1.773781
	88	53.900000	67.650000	1.810634	2.126150	2.168669
	89	53.900000	67.100000	1.910416	2.019166	2.028098
	90	53.900000	67.100000	1.712636	1.678539	1.690407
	91	55.000000	64.900000	1.376081	1.424718	1.405218
	92	55.000000	66.000000	1.308386	1.594471	1.617202
	93	54.579992	65.873998	1.408695	1.378590	1.370552
	94	54.899395	65.969818	1.219491	1.222692	1.229574
	95	55.822668	65.283601	1.124651	1.190287	1.177228
	96	57.750000	75.900000	1.790635	1.735906	1.746809
	97	57.750000	75.350000	1.873089	1.777976	1.768596
	98	59.738701	64.984520	0.869503	0.867885	0.860852
	99	60.646546	65.362073	1.202295	1.233863	1.200099
	100	59.400000	65.450000	0.886021	0.971732	0.959822
	101	61.743682	66.341895	1.344047	1.428922	1.408332
	102	61.600000	67.100000	1.839985	1.699117	1.691101
	103	61.729174	66.346248	1.559387	1.773435	1.781875
	104	60.824560	64.705264	1.189981	1.165517	1.148016
	105	67.650000	47.300000	0.478428	0.970264	0.858033
	106	126.500000	78.100000	0.446491	2.071871	2.350452
	107	55.907162	63.665013	1.095053	1.208514	1.212455
	108	55.015511	64.029306	1.349372	1.600334	1.615960
	109	54.450000	65.450000	1.908127	1.928693	1.941407
	110	54.450000	65.450000	2.000528	2.148160	2.159476
	111	53.900000	64.900000	2.309882	2.303742	2.290774
	112	53.900000	65.450000	2.142148	1.956218	1.990095
	113	53.900000	65.450000	1.932090	1.842939	1.837425
	114	54.450000	65.450000	1.873156	1.878009	1.880958
	115	55.465733	63.199440	1.329872	1.540205	1.502925
	116	55.576193	63.265716	1.428979	1.470440	1.500665
	117	55.056169	64.355617	1.249965	1.201115	1.190211
	118	58.300000	63.800000	0.707527	0.743427	0.751146
	119	60.500000	69.850000	1.067732	1.056865	1.121689
	120	60.500000	69.850000	1.337000	1.230173	1.230862
	121	57.200000	74.250000	1.613377	1.560890	1.555904
	122	133.100000	51.700000	1.054552	0.335735	1.054552
	123	61.230275	64.900000	1.295865	1.413320	1.278809
	124	60.265208	63.610875	1.332560	1.188174	1.172785
	125	72.600000	45.100000	0.392181	0.454977	0.428285
	126	79.200000	60.500000	0.407530	0.582426	0.554018
	127	63.755647	101.767741	0.732759	0.866078	0.857468
	128	58.300000	62.700000	0.714091	0.636797	0.628061
	129	54.787654	63.186296	1.521651	1.711217	1.724084
	130	54.450000	64.350000	2.029876	1.957883	1.987517
	131	53.900000	64.350000	2.408748	2.438642	2.455635
	132	53.900000	64.350000	2.523234	2.453106	2.449571
	133	53.350000	64.350000	2.810718	2.697632	2.730741
	134	53.350000	64.900000	2.898686	2.895472	2.978331
	135	53.350000	64.900000	2.722616	2.681357	2.683795
	136	53.900000	64.900000	2.695727	2.427120	2.416295
	137	53.900000	63.800000	2.426187	2.653008	2.665835
	138	53.900000	63.800000	2.273215	2.241405	2.234328
	139	54.450000	63.250000	1.994777	2.018846	2.029463
	140	55.000000	63.800000	1.891300	2.046164	2.056179
	141	55.285734	62.541441	1.532447	1.583895	1.585809
	142	55.960432	62.066259	1.497544	1.570426	1.542439
	143	59.400000	63.250000	0.826175	1.969389	0.619111
	144	60.500000	68.200000	1.120072	0.801908	0.821590
	145	54.934165	68.743417	0.929259	0.742121	0.757188
	146	61.050000	69.300000	232.130887	58.745565	0.931247
	147	57.200000	73.150000	1.566591	1.566658	1.585849
	148	73.700000	52.800000	0.472923	0.859672	0.438710
	149	58.300000	72.050000	1.786763	1.692079	1.687026
	150	58.850000	71.500000	1.831225	1.776488	1.785198
	151	45.650000	55.000000	0.505495	0.892971	0.527569
	152	91.850000	62.150000	1.136976	0.158717	0.124169
	153	58.850000	71.500000	1.415888	1.360315	1.370621
	154	64.849961	92.400000	0.896055	0.874209	0.875967
	155	54.450000	62.700000	2.610626	2.442983	2.433363
	156	54.450000	62.150000	2.544881	2.770938	2.783716
	157	54.450000	62.700000	2.741590	2.747858	2.790493
	158	53.900000	62.700000	2.771236	2.838325	2.865991
	159	53.900000	62.700000	2.753964	2.781506	2.797254
	160	54.450000	62.700000	2.545549	2.517043	2.557532
	161	54.450000	62.150000	2.459535	2.357920	2.389685
	162	55.000000	61.600000	2.287712	2.281883	2.251632
	163	55.122052	61.343231	1.728377	2.025237	1.965082
	164	59.400000	63.250000	2725.810527	2725.810527	0.000000
	165	60.500000	66.000000	89.953466	89.953466	0.000000
	166	60.500000	66.000000	163.407764	163.407764	0.000000
	167	60.500000	67.100000	1.130681	1.130681	0.000000
	168	103.400000	86.350000	1.202947	3.724896	5.981375
	169	60.500000	66.000000	1948.180611	179.822812	2.838820
	170	57.200000	70.950000	1.282331	1.249087	1.265760
	171	48.950000	17.600000	0.501825	1.147690	0.709490
	172	70.400000	99.000000	3.159448	-1.723527	0.002404
	173	58.300000	63.250000	651.347942	651.347942	0.000000
	174	86.350000	69.300000	0.550659	-0.130042	0.486741
	175	20.963920	39.619176	0.724833	0.877533	0.802441
	176	58.567937	69.185170	1.503185	1.463838	1.448836
	177	55.550000	61.600000	2.428904	2.575385	2.243668
	178	59.400000	64.900000	1.145712	-1.768036	-0.147947
	179	59.950000	65.450000	4.072976	5.457270	4.551451
	180	55.035946	66.491405	1.108916	1.019586	1.056603
	181	55.000000	61.050000	2.708603	2.771294	2.677761
	182	59.400000	63.621170	1.318195	1.163974	1.147706
	183	55.550000	61.050000	2.438318	2.612547	2.606731
	184	55.513803	61.798282	2.046053	2.357350	2.242471
	185	59.950000	64.350000	241.767934	241.767934	0.000000
	186	57.200000	61.600000	1.467993	1.553662	1.449991
	187	57.750000	62.150000	1.356056	1.302011	1.292156
	188	59.950000	64.900000	1.011877	1.011877	0.000000
	189	56.650000	68.750000	1.502420	1.540469	1.538700
	190	59.950000	62.150000	5.052985	5.052985	0.000000
	191	60.500000	62.700000	2.790290	1.201052	1.799584
	192	61.050000	62.700000	2.657411	2.511419	2.720038
	193	61.600000	61.600000	2.319427	2.449497	2.458139
	194	61.050000	62.150000	2.600893	2.235786	2.300017
	195	59.950000	62.150000	3.723099	4.511697	4.314972
	196	58.850000	62.150000	8.135779	12.641184	12.796846
	197	50.600000	40.150000	0.677932	0.707480	0.649556
	198	57.750000	60.500000	2.350278	1.626040	1.959886
	199	56.650000	59.950000	2.272068	1.951414	2.227088
	200	56.650000	59.950000	2.220334	1.755062	2.111226
	201	56.100000	59.950000	2.455052	1.440983	2.341611
	202	55.550000	59.400000	2.673094	2.662559	2.668333
	203	55.550000	59.950000	2.602331	2.641562	2.722000
	204	58.300000	66.550000	1.756584	1.830099	1.823421
	205	55.550000	59.400000	2.514310	2.563804	2.570589
	206	56.100000	59.950000	2.288184	2.266623	2.265151
	207	56.650000	59.950000	2.196642	2.123501	2.238531
	208	38.500000	84.700000	1.707045	-0.114622	-0.293602
	209	57.750000	59.950000	2.993704	2.115161	2.376701
	210	57.750000	61.050000	5.219058	7.234228	7.538864
	211	90.750000	65.450000	0.571459	0.418152	0.485409
	212	59.400000	61.050000	9.933464	12.273080	12.558453
	213	60.500000	61.050000	5.174771	-2.068466	-4.655852
	214	61.050000	61.050000	3.313458	4.467950	4.150864
	215	62.150000	59.950000	2.332162	2.218425	2.208036
	216	62.150000	59.400000	2.560082	2.929447	2.927561
	217	62.150000	59.950000	2.631390	2.582130	2.494914
	218	62.150000	59.400000	2.328557	2.404869	2.310952
	219	61.600000	60.500000	3.842494	4.451771	4.509410
	220	60.500000	59.400000	5.019459	4.892419	4.892146
	221	59.400000	59.400000	5.159869	9.128150	8.990071
	222	58.300000	58.850000	3.810095	6.348183	5.140536
	223	57.750000	58.300000	2.947993	1.645023	2.820202
	224	57.200000	57.750000	2.719307	2.254325	2.608763
	225	56.650000	57.750000	2.653444	2.959285	2.878212
	226	56.650000	57.750000	2.973652	3.004228	3.028658
	227	56.100000	57.200000	2.819912	2.856650	2.764764
	228	56.100000	57.750000	2.663982	2.748312	2.679179
	229	56.100000	57.200000	2.719760	3.064447	3.109332
	230	56.650000	57.750000	2.789375	2.966500	2.987682
	231	57.200000	57.200000	2.653306	3.049000	3.078244
	232	57.750000	56.100000	2.472808	2.439149	2.548431
	233	58.300000	59.400000	3.600950	4.369839	3.762724
	234	42.350000	46.750000	0.454488	1.220211	0.739710
	235	59.950000	58.300000	3.707755	2.169671	2.918012
	236	60.500000	58.850000	3.782985	3.591908	3.674911
	237	61.050000	59.400000	3.131825	2.569954	2.732005
	238	62.150000	58.300000	2.968243	2.733084	2.712936
	239	62.700000	58.850000	2.935701	2.468043	2.439084
	240	62.700000	58.850000	2.753939	2.545809	2.516278
	241	62.700000	57.750000	2.965259	2.747149	2.822643
	242	62.150000	57.750000	2.986707	3.693759	3.739042
	243	61.050000	57.200000	3.816684	5.317786	5.336651
	244	59.400000	56.650000	3.560594	3.378209	3.149951
	245	58.850000	56.650000	3.335008	3.353677	3.410008
	246	57.750000	56.100000	2.702330	2.773863	2.699210
	247	57.200000	56.100000	2.998431	2.851891	2.843604
	248	56.650000	56.100000	3.082713	3.393390	3.451224
	249	56.650000	55.550000	2.727879	2.900620	2.884707
	250	56.100000	56.100000	2.792838	3.079320	3.091505
	251	55.550000	55.550000	3.135046	2.910432	2.972262
	252	55.550000	55.550000	2.796744	3.134055	3.060787
	253	56.100000	55.550000	2.754528	3.086563	3.002042
	254	56.650000	56.100000	2.870890	2.943790	2.887928
	255	57.200000	56.100000	3.293007	3.445020	3.437717
	256	57.750000	56.100000	3.040046	3.240776	3.240539
	257	58.300000	56.100000	2.717172	3.217826	3.293945
	258	58.850000	55.550000	2.609156	2.704454	2.584785
	259	59.950000	56.650000	3.530302	2.503354	2.567250
	260	60.500000	56.100000	3.468303	2.087409	3.329712
	261	61.050000	56.650000	3.277664	2.810393	3.013307
	262	62.150000	55.550000	2.716321	2.772994	2.748086
	263	62.150000	56.650000	3.213978	3.606520	3.456331
	264	62.700000	55.550000	2.954196	2.975882	3.070343
	265	62.150000	56.100000	3.162729	3.757843	3.816241
	266	61.050000	55.550000	3.528345	4.098664	4.005750
	267	59.950000	55.000000	3.121270	3.025154	2.924624
	268	58.850000	54.450000	3.436799	3.232663	3.226262
	269	58.300000	54.450000	2.834300	2.998687	2.932723
	270	57.750000	55.000000	3.454139	2.919669	2.994371
	271	57.200000	53.900000	2.871921	3.035777	2.868530
	272	56.650000	54.450000	2.743389	2.835786	2.760314
	273	56.650000	53.900000	3.087148	3.028849	3.028425
	274	56.100000	52.800000	2.826016	2.884876	2.872379
	275	56.100000	52.800000	3.108289	3.035508	3.088945
	276	56.650000	54.450000	2.814289	2.904331	2.890823
	277	56.650000	53.350000	2.843787	2.673267	2.665553
	278	57.200000	55.000000	3.318952	2.675118	2.712775
	279	57.750000	55.000000	3.058341	2.646722	2.653489
	280	58.300000	53.900000	3.669903	3.340607	3.303142
	281	58.850000	53.900000	3.159892	3.059613	3.197199
	282	59.950000	54.450000	2.809519	3.072263	2.966565
	283	61.050000	54.450000	2.948810	3.288078	3.366803
	284	61.600000	54.450000	3.268809	3.610000	3.162973
	285	62.150000	53.900000	2.800935	2.557917	2.604318
	286	62.700000	55.000000	2.693663	3.013177	2.940315
	287	63.800000	54.450000	2.831950	2.963518	2.878057
	288	56.252248	69.345674	0.750897	0.837241	0.844403
	289	63.800000	53.350000	2.899515	2.676143	2.704836
	290	62.700000	53.900000	3.118632	3.524733	3.607714
	291	61.050000	52.800000	3.237241	2.837838	2.812389
	292	59.950000	52.250000	3.118809	3.340409	3.287096
	293	59.400000	52.800000	3.060800	3.201391	3.233819
	294	58.850000	52.250000	3.071547	2.692662	2.674837
	295	58.850000	52.800000	3.447067	3.246666	3.395204
	296	57.750000	51.700000	3.159459	3.551739	3.198957
	297	57.200000	51.700000	2.804628	3.274363	3.290978
	298	57.200000	51.700000	2.757732	2.886361	2.888890
	299	57.200000	51.700000	3.110222	3.426003	3.373997
	300	57.750000	51.700000	3.176627	3.530755	3.529145
	301	58.300000	51.700000	2.987930	2.830021	2.830347
	302	58.850000	51.700000	3.307601	3.153255	3.127204
	303	58.850000	51.700000	2.955384	3.157689	3.073420
	304	59.400000	52.250000	3.132360	3.696791	3.781518
	305	59.950000	51.700000	2.706171	2.459649	2.463738
	306	56.735676	70.950000	0.624757	0.590891	0.584879
	307	61.600000	51.150000	2.893507	2.625255	2.692001
	308	62.150000	51.700000	2.989650	2.866085	2.903218
	309	62.700000	52.800000	2.912085	3.214696	3.073256
	310	63.250000	52.250000	2.945947	2.924082	2.977595
	311	63.800000	52.800000	2.593277	2.509326	2.439081
	312	63.250000	52.800000	2.760126	2.796013	2.740460
	313	62.700000	51.700000	3.087342	2.763147	2.777966
	314	61.600000	51.150000	2.715072	2.840478	2.820287
	315	60.500000	50.600000	3.318518	3.289156	3.289876
	316	59.950000	49.500000	2.948205	2.828126	2.884316
	317	59.400000	50.600000	2.908282	2.933176	2.962311
	318	58.850000	50.600000	3.560345	3.319737	3.332535
	319	58.300000	50.600000	2.815918	2.569978	2.569801
	320	57.750000	50.050000	2.947884	2.858302	2.925008
	321	57.750000	50.050000	2.977454	3.047173	3.036478
	322	57.200000	50.050000	2.990319	3.260672	3.161124
	323	57.750000	49.500000	2.994246	2.719601	2.727125
	324	58.300000	50.600000	3.219971	3.108001	3.138029
	325	58.300000	50.600000	3.344525	3.100680	3.099163
	326	58.850000	50.050000	3.175743	3.237524	3.156810
	327	58.850000	50.050000	3.269789	3.011406	3.140726
	328	59.950000	50.600000	3.127160	3.128391	3.162988
	329	60.500000	50.050000	2.844818	2.713021	2.662094
	330	61.050000	50.050000	2.776929	2.794483	2.725038
	331	61.600000	50.600000	2.661349	3.084652	2.905127
	332	62.700000	50.600000	3.094664	3.006826	2.989600
	333	62.700000	51.150000	3.240059	3.466215	3.381661
	334	63.800000	51.150000	2.677613	2.920427	2.895589
	335	64.350000	51.700000	2.912872	2.459305	2.474121
	336	64.900000	51.150000	2.746818	3.029681	2.954435
	337	64.350000	50.050000	2.963471	2.535392	2.569521
	338	63.800000	50.050000	3.423473	3.168451	3.117797
	339	62.150000	50.050000	2.875618	3.267918	3.195731
	340	61.600000	48.950000	2.799093	3.237198	3.155736
	341	61.050000	49.500000	3.015312	3.201824	3.195006
	342	60.500000	49.500000	2.794269	2.661847	2.726450
	343	59.950000	47.300000	2.998905	3.127035	3.060453
	344	59.400000	47.300000	2.656649	2.659429	2.672355
	345	59.400000	48.950000	3.333097	3.516172	3.560093
	346	58.850000	48.400000	3.080727	3.587727	3.444373
	347	59.400000	48.400000	2.891553	2.792286	2.802270
	348	59.400000	47.850000	2.888377	3.031716	3.065607
	349	59.950000	49.500000	3.489647	3.339676	3.348009
	350	60.500000	48.400000	2.722229	2.920175	2.827084
	351	61.050000	47.300000	2.749973	2.492259	2.476140
	352	61.600000	48.400000	2.781560	3.010638	2.892179
	353	62.150000	48.400000	2.765757	2.674609	2.674074
	354	63.250000	48.950000	3.107050	3.294342	3.105232
	355	63.250000	50.050000	3.043516	3.194652	3.194213
	356	64.350000	48.950000	3.078924	3.135575	3.165387
	357	64.350000	49.500000	2.647518	2.762030	2.667974
	358	64.900000	50.050000	2.816136	2.837408	2.844621
	359	64.900000	49.500000	3.031554	2.831073	2.862065
	360	64.350000	48.400000	3.085627	3.055167	3.014459
	361	63.250000	48.950000	2.898206	3.709248	3.816136
	362	62.150000	47.850000	3.114729	3.493715	3.417114
	363	61.600000	48.400000	3.153339	3.172087	3.180408
	364	61.050000	47.850000	3.066891	3.405782	3.295363
	365	60.500000	47.300000	3.103150	2.572411	2.604057
	366	59.950000	47.850000	3.463305	3.297286	3.409665
	367	59.400000	47.850000	3.181470	3.333778	3.294431
	368	59.400000	47.300000	3.162330	3.487878	3.510707
	369	59.400000	46.750000	3.239633	3.044639	3.174442
	370	60.500000	47.850000	3.321115	3.438813	3.447799
	371	60.500000	47.300000	2.996873	3.442499	3.463168
	372	61.050000	47.850000	3.270749	3.924861	3.965623
	373	61.050000	47.850000	3.122365	3.260706	3.138204
	374	61.600000	46.750000	2.715177	2.778480	2.761455
	375	62.150000	47.850000	3.396721	3.372137	3.394399
	376	62.700000	47.300000	3.022545	3.060711	3.102916
	377	63.250000	48.400000	2.831023	3.224658	3.108564
	378	63.800000	48.400000	2.994320	2.951971	3.053764
	379	63.800000	48.400000	2.805845	2.735179	2.693166
	380	64.350000	48.950000	3.093123	3.110041	3.162013
	381	64.900000	49.500000	2.914738	3.213597	3.152629
	382	66.000000	48.950000	2.860226	2.877862	2.844215
	383	66.000000	48.950000	2.697541	2.694714	2.787948
	384	66.000000	48.950000	2.869767	2.972181	2.919221
	385	64.900000	48.950000	3.110481	3.463201	3.455209
	386	64.900000	47.850000	2.977196	3.047996	3.012031
	387	63.800000	46.200000	3.128756	2.933562	3.036296
	388	62.700000	46.200000	3.067953	3.185970	3.078834
	389	62.150000	46.200000	2.672786	2.777179	2.787306
	390	61.600000	46.200000	3.320489	3.422332	3.432399
	391	61.050000	46.200000	3.657644	3.366542	3.406319
	392	60.500000	45.650000	3.389945	2.971115	2.943326
	393	59.950000	45.100000	3.022758	2.955443	2.966242
	394	60.500000	45.650000	3.295248	3.601530	3.640258
	395	59.950000	45.100000	3.271082	3.210089	3.237567
	396	60.500000	45.100000	2.935370	3.036662	2.991081
	397	61.050000	45.650000	2.962961	2.938798	3.092262
	398	61.600000	44.000000	2.751818	2.893116	2.935465
	399	62.150000	45.100000	3.017401	3.182575	3.176267

head rotation		Maximum position	Maximum position (normalized)	Maximum intensity 	Maximum intensity (normalized)	position-intensity vector angle
	0	0.000000	0.000000	78.983917	-0.004584	90.000000
	1	0.550000	0.050000	60.827691	-0.124596	68.134621
	2	0.000000	0.000000	61.481080	-0.120277	90.000000
	3	0.000000	0.000000	44.256194	-0.234134	90.000000
	4	0.000000	0.000000	62.474845	-0.113709	90.000000
	5	-0.550000	-0.050000	56.588988	-0.152614	108.140006
	6	0.000000	0.000000	84.745202	0.033499	-90.000000
	7	-0.550000	-0.050000	96.657851	0.112241	-114.011502
	8	0.550000	0.050000	102.684473	0.152077	-71.800150
	9	-1.100000	-0.100000	104.998859	0.167375	-120.856614
	10	-0.550000	-0.050000	104.127672	0.161617	-107.190700
	11	0.000000	0.000000	104.412222	0.163498	-90.000000
	12	0.550000	0.050000	101.991451	0.147496	-71.273778
	13	0.000000	0.000000	83.691818	0.026536	-90.000000
	14	-0.550000	-0.050000	52.634095	-0.178756	105.626874
	15	0.550000	0.050000	45.413662	-0.226483	77.550677
	16	0.550000	0.050000	56.423145	-0.153710	71.980974
	17	0.000000	0.000000	61.228104	-0.121950	90.000000
	18	0.550000	0.050000	55.767865	-0.158042	72.444096
	19	0.000000	0.000000	85.792834	0.040423	-90.000000
	20	0.000000	0.000000	73.189269	-0.042886	90.000000
	21	0.000000	0.000000	87.232205	0.049938	-90.000000
	22	0.550000	0.050000	65.754857	-0.092028	61.484144
	23	0.550000	0.050000	77.082153	-0.017154	18.936382
	24	0.000000	0.000000	62.578619	-0.113023	90.000000
	25	0.550000	0.050000	53.911657	-0.170311	73.638826
	26	4.950000	0.450000	33.018669	-0.308414	34.425373
	27	-1.650000	-0.150000	36.074996	-0.288212	117.494743
	28	0.000000	0.000000	65.983786	-0.090515	90.000000
	29	0.000000	0.000000	83.156697	0.022998	-90.000000
	30	0.550000	0.050000	89.373968	0.064095	-52.042351
	31	0.000000	0.000000	96.827988	0.113366	-90.000000
	32	-0.550000	-0.050000	102.046658	0.147861	-108.683217
	33	-0.550000	-0.050000	106.039133	0.174252	-106.010384
	34	-0.550000	-0.050000	86.301225	0.043784	-138.792128
	35	0.000000	0.000000	74.447821	-0.034567	90.000000
	36	0.000000	0.000000	49.029014	-0.202586	90.000000
	37	0.550000	0.050000	51.360327	-0.187176	75.043874
	38	0.000000	0.000000	65.307743	-0.094983	90.000000
	39	1.100000	0.100000	64.910059	-0.097612	44.307633
	40	-0.550000	-0.050000	86.954807	0.048104	-136.107181
	41	0.000000	0.000000	92.883834	0.087295	-90.000000
	42	0.000000	0.000000	93.412085	0.090787	-90.000000
	43	-0.550000	-0.050000	104.525324	0.164245	-106.931445
	44	-0.550000	-0.050000	104.518052	0.164197	-106.936119
	45	0.000000	0.000000	93.723151	0.092843	-90.000000
	46	0.000000	0.000000	81.922676	0.014842	-90.000000
	47	0.000000	0.000000	82.203691	0.016699	-90.000000
	48	0.550000	0.050000	60.725811	-0.125270	68.241160
	49	0.000000	0.000000	50.048491	-0.195847	90.000000
	50	-0.550000	-0.050000	48.101812	-0.208715	103.471983
	51	-0.550000	-0.050000	65.003279	-0.096996	117.270496
	52	0.000000	0.000000	84.302579	0.030573	-90.000000
	53	-0.550000	-0.050000	101.728766	0.145760	-108.933491
	54	-0.550000	-0.050000	81.228634	0.010254	-168.410514
	55	-0.550000	-0.050000	107.991968	0.187160	-104.957344
	56	-0.550000	-0.050000	107.529403	0.184102	-105.194358
	57	0.000000	0.000000	90.212168	0.069635	-90.000000
	58	0.000000	0.000000	64.983985	-0.097123	90.000000
	59	-3.300000	-0.300000	28.938679	-0.335383	131.812625
	60	0.000000	0.000000	68.180570	-0.075994	90.000000
	61	0.550000	0.050000	68.437183	-0.074298	56.060664
	62	0.000000	0.000000	94.755378	0.099666	-90.000000
	63	-0.550000	-0.050000	99.184484	0.128942	-111.194823
	64	0.000000	0.000000	102.503179	0.150879	-90.000000
	65	-0.550000	-0.050000	103.990895	0.160713	-107.281663
	66	0.550000	0.050000	112.166397	0.214753	-76.893556
	67	0.000000	0.000000	108.841134	0.192773	-90.000000
	68	0.000000	0.000000	105.712957	0.172096	-90.000000
	69	-0.550000	-0.050000	100.662064	0.138709	-109.822545
	70	0.000000	0.000000	94.170097	0.095797	-90.000000
	71	0.000000	0.000000	94.298926	0.096649	-90.000000
	72	0.000000	0.000000	77.513673	-0.014302	90.000000
	73	0.000000	0.000000	64.988333	-0.097095	90.000000
	74	-0.550000	-0.050000	44.320479	-0.233709	102.075877
	75	-2.200000	-0.200000	36.757321	-0.283702	125.182527
	76	-0.550000	-0.050000	60.608548	-0.126045	111.637431
	77	0.000000	0.000000	80.909708	0.008146	-90.000000
	78	0.000000	0.000000	86.602395	0.045775	-90.000000
	79	-0.550000	-0.050000	100.590934	0.138239	-109.884688
	80	-0.550000	-0.050000	72.866522	-0.045020	138.000347
	81	0.000000	0.000000	66.874151	-0.084629	90.000000
	82	0.000000	0.000000	139.957525	0.398452	-90.000000
	83	0.550000	0.050000	72.336828	-0.048521	44.139898
	84	0.000000	0.000000	91.579530	0.078673	-90.000000
	85	0.000000	0.000000	81.610299	0.012777	-90.000000
	86	-0.550000	-0.050000	106.737480	0.178868	-105.617610
	87	0.000000	0.000000	91.547083	0.078459	-90.000000
	88	-0.550000	-0.050000	103.982763	0.160659	-107.287100
	89	0.000000	0.000000	111.498016	0.210335	-90.000000
	90	-0.550000	-0.050000	108.507677	0.190569	-104.701479
	91	0.000000	0.000000	81.278632	0.010584	-90.000000
	92	0.000000	0.000000	103.295292	0.156115	-90.000000
	93	0.000000	0.000000	100.726400	0.139134	-90.000000
	94	-0.550000	-0.050000	88.322789	0.057146	-131.184176
	95	0.550000	0.050000	73.796119	-0.038875	37.865071
	96	1.100000	0.100000	155.320244	0.500000	-78.690068
	97	0.550000	0.050000	138.252860	0.387184	-82.641695
	98	-0.550000	-0.050000	58.124451	-0.142465	109.339226
	99	-0.550000	-0.050000	70.678108	-0.059485	130.048624
	100	-1.650000	-0.150000	72.108811	-0.050028	161.555383
	101	0.000000	0.000000	94.606943	0.098685	-90.000000
	102	0.000000	0.000000	103.553076	0.157819	-90.000000
	103	0.000000	0.000000	99.456683	0.130741	-90.000000
	104	-0.550000	-0.050000	73.730276	-0.039310	141.825407
	105	0.000000	0.000000	6.342428	-0.484744	90.000000
	106	-4.950000	-0.450000	7.942399	-0.474169	133.501962
	107	0.550000	0.050000	76.265193	-0.022554	24.279575
	108	0.000000	0.000000	92.271990	0.083251	-90.000000
	109	0.000000	0.000000	111.714328	0.211765	-90.000000
	110	0.550000	0.050000	111.360564	0.209426	-76.572137
	111	0.000000	0.000000	112.412174	0.216377	-90.000000
	112	0.550000	0.050000	114.229151	0.228388	-77.651286
	113	0.550000	0.050000	111.526471	0.210523	-76.639571
	114	-0.550000	-0.050000	113.251214	0.221923	-102.696903
	115	0.000000	0.000000	90.066520	0.068672	-90.000000
	116	0.000000	0.000000	86.856951	0.047457	-90.000000
	117	0.000000	0.000000	97.984282	0.121009	-90.000000
	118	2.200000	0.200000	70.269485	-0.062186	17.272059
	119	-5.500000	-0.500000	116.326394	0.242250	-154.149775
	120	-5.500000	-0.500000	102.371308	0.150007	-163.300001
	121	0.550000	0.050000	137.965764	0.385287	-82.605852
	123	0.000000	0.000000	85.164967	0.036273	-90.000000
	124	-1.100000	-0.100000	70.840675	-0.058411	149.710579
	125	-4.400000	-0.400000	6.266194	-0.485248	129.499452
	126	0.000000	0.000000	5.234802	-0.492066	90.000000
	127	0.000000	0.000000	42.425854	-0.246233	90.000000
	128	2.200000	0.200000	65.518062	-0.093593	25.077954
	129	0.000000	0.000000	100.839024	0.139879	-90.000000
	130	0.550000	0.050000	114.704556	0.231530	-77.813846
	131	0.550000	0.050000	115.699687	0.238108	-78.140832
	132	-0.550000	-0.050000	116.185794	0.241321	-101.705650
	133	0.000000	0.000000	115.956166	0.239803	-90.000000
	134	0.550000	0.050000	118.663030	0.257696	-79.019486
	135	0.000000	0.000000	114.803905	0.232187	-90.000000
	136	1.650000	0.150000	114.321514	0.228998	-56.774110
	137	0.550000	0.050000	115.282868	0.235353	-78.005999
	138	0.550000	0.050000	119.043120	0.260208	-79.122966
	139	0.550000	0.050000	112.920812	0.219739	-77.181054
	140	0.000000	0.000000	114.324607	0.229019	-90.000000
	141	0.000000	0.000000	105.944183	0.173624	-90.000000
	142	0.000000	0.000000	93.069323	0.088521	-90.000000
	143	2.750000	0.250000	66.032025	-0.090196	19.838576
	144	-5.500000	-0.500000	108.718189	0.191960	-158.997195
	145	-0.550000	-0.050000	101.539608	0.144510	-109.085501
	146	-5.500000	-0.500000	110.207628	0.201805	-158.020474
	147	0.550000	0.050000	126.873754	0.311969	-80.894496
	148	0.000000	0.000000	5.567317	-0.489868	90.000000
	149	0.000000	0.000000	86.160585	0.042854	-90.000000
	150	0.550000	0.050000	86.190901	0.043055	-40.731467
	151	-3.850000	-0.350000	4.797393	-0.494957	125.265356
	152	-4.400000	-0.400000	4.921606	-0.494136	128.989953
	153	0.000000	0.000000	102.894536	0.153466	-90.000000
	154	0.000000	0.000000	45.999552	-0.222611	90.000000
	155	0.550000	0.050000	113.492209	0.223516	-77.390683
	156	0.000000	0.000000	114.716598	0.231610	-90.000000
	157	1.100000	0.100000	114.112253	0.227615	-66.282265
	158	0.000000	0.000000	114.031727	0.227083	-90.000000
	159	0.550000	0.050000	111.138508	0.207958	-76.480829
	160	0.000000	0.000000	108.240648	0.188804	-90.000000
	161	0.000000	0.000000	117.987797	0.253232	-90.000000
	162	0.000000	0.000000	116.780651	0.245253	-90.000000
	163	0.000000	0.000000	114.276213	0.228699	-90.000000
	164	4.950000	0.450000	106.661191	0.178363	-21.621541
	165	5.500000	0.500000	83.476912	0.025115	-2.875561
	166	5.500000	0.500000	88.671733	0.059453	-6.780963
	167	5.500000	0.500000	86.382245	0.044319	-5.065387
	168	3.300000	0.300000	6.699798	-0.482382	58.121959
	169	4.950000	0.450000	81.262913	0.010481	-1.334183
	170	0.000000	0.000000	103.665228	0.158560	-90.000000
	171	0.550000	0.050000	5.175146	-0.492460	84.202565
	172	3.850000	0.350000	6.331897	-0.484814	54.173488
	173	2.200000	0.200000	95.744923	0.106207	-27.969806
	174	3.850000	0.350000	4.034466	-0.500000	55.007980
	175	0.000000	0.000000	4.707451	-0.495552	90.000000
	176	0.000000	0.000000	92.882270	0.087285	-90.000000
	177	0.550000	0.050000	112.696072	0.218254	-77.096714
	178	3.850000	0.350000	117.389362	0.249277	-35.459189
	179	4.950000	0.450000	110.931087	0.206587	-24.659054
	180	-0.550000	-0.050000	103.365150	0.156576	-107.709986
	181	0.550000	0.050000	119.317114	0.262019	-79.196373
	182	3.850000	0.350000	108.710686	0.191911	-28.736653
	183	0.550000	0.050000	120.019209	0.266660	-79.380082
	184	0.550000	0.050000	114.541352	0.230451	-77.758518
	185	4.950000	0.450000	108.135942	0.188111	-22.686169
	186	1.650000	0.150000	106.096990	0.174634	-49.339418
	187	1.650000	0.150000	111.807526	0.212381	-54.767240
	188	4.400000	0.400000	100.591549	0.138243	-19.065529
	189	1.100000	0.100000	116.671147	0.244529	-67.757937
	190	-1.650000	-0.150000	87.744832	0.053326	-160.429335
	191	-1.100000	-0.100000	96.788856	0.113107	-131.480462
	192	-1.100000	-0.100000	100.826255	0.139794	-125.577520
	193	-1.100000	-0.100000	111.121034	0.207843	-115.693722
	194	-1.650000	-0.150000	106.038566	0.174248	-130.723288
	195	-2.200000	-0.200000	99.108073	0.128437	-147.291995
	196	-2.750000	-0.250000	99.863470	0.133430	-151.910204
	197	4.400000	0.400000	4.624296	-0.496101	51.121216
	198	2.200000	0.200000	107.683075	0.185118	-42.787037
	199	1.650000	0.150000	107.546916	0.184218	-50.845702
	200	1.100000	0.100000	107.767127	0.185674	-61.694001
	201	1.650000	0.150000	110.690174	0.204995	-53.806119
	202	0.550000	0.050000	111.069277	0.207501	-76.452112
	203	1.100000	0.100000	109.159287	0.194876	-62.835489
	204	0.550000	0.050000	93.116611	0.088834	-60.627003
	205	0.000000	0.000000	116.458609	0.243124	-90.000000
	206	1.100000	0.100000	113.131364	0.221131	-65.666557
	207	1.100000	0.100000	117.318574	0.248809	-68.104056
	208	-1.650000	-0.150000	4.526825	-0.496746	106.802504
	209	1.100000	0.100000	104.949875	0.167052	-59.094514
	210	1.650000	0.150000	120.302818	0.268535	-60.812830
	211	2.750000	0.250000	5.286421	-0.491725	63.050547
	212	2.200000	0.200000	105.940188	0.173598	-40.957573
	213	-1.100000	-0.100000	97.103102	0.115184	-130.963661
	214	-1.100000	-0.100000	103.276190	0.155988	-122.662838
	215	-0.550000	-0.050000	107.464607	0.183674	-105.228145
	216	-1.650000	-0.150000	108.388574	0.189781	-128.322254
	217	-1.650000	-0.150000	111.508321	0.210403	-125.485752
	218	-1.100000	-0.100000	108.145174	0.188172	-117.987399
	219	-1.100000	-0.100000	101.501924	0.144261	-124.729322
	220	-1.650000	-0.150000	95.941584	0.107507	-144.370412
	221	2.200000	0.200000	97.441145	0.117419	-30.416933
	222	1.650000	0.150000	109.434400	0.196694	-52.670681
	223	1.650000	0.150000	106.841188	0.179553	-50.124368
	224	1.100000	0.100000	109.892102	0.199720	-63.402791
	225	1.100000	0.100000	111.836459	0.212572	-64.806343
	226	1.650000	0.150000	108.597870	0.191165	-51.880024
	227	0.550000	0.050000	114.624549	0.231001	-77.786784
	228	1.100000	0.100000	111.980279	0.213523	-64.904680
	229	0.550000	0.050000	112.095339	0.214283	-76.865822
	230	1.100000	0.100000	113.079654	0.220789	-65.633265
	231	0.550000	0.050000	110.652801	0.204748	-76.276800
	232	1.100000	0.100000	103.666667	0.158570	-57.762901
	233	1.650000	0.150000	119.494566	0.263192	-60.320057
	234	3.850000	0.350000	7.349392	-0.478088	53.792802
	235	2.200000	0.200000	105.339129	0.169624	-40.302027
	236	2.200000	0.200000	97.214179	0.115919	-30.096264
	237	-1.100000	-0.100000	101.443565	0.143875	-124.801185
	238	-0.550000	-0.050000	96.146716	0.108863	-114.669064
	239	-1.100000	-0.100000	106.798240	0.179269	-119.153661
	240	-1.100000	-0.100000	109.731260	0.198657	-116.719835
	241	-1.650000	-0.150000	107.190994	0.181865	-129.515338
	242	-1.100000	-0.100000	99.074446	0.128215	-127.952113
	243	-1.650000	-0.150000	91.531645	0.078357	-152.418353
	244	-2.200000	-0.200000	93.707454	0.092739	-155.123070
	245	1.650000	0.150000	107.528810	0.184098	-50.827469
	246	1.100000	0.100000	106.859539	0.179674	-60.901339
	247	1.650000	0.150000	110.973049	0.206865	-54.053702
	248	1.100000	0.100000	105.641118	0.171621	-59.771480
	249	1.100000	0.100000	114.323717	0.229013	-66.411174
	250	1.100000	0.100000	108.911625	0.193239	-62.638678
	251	0.000000	0.000000	113.997060	0.226853	-90.000000
	252	0.550000	0.050000	112.614160	0.217713	-77.065702
	253	0.550000	0.050000	115.900999	0.239439	-78.204887
	254	1.100000	0.100000	115.743503	0.238397	-67.243533
	255	1.100000	0.100000	120.082366	0.267077	-69.472929
	256	1.100000	0.100000	119.282735	0.261792	-69.093998
	257	1.650000	0.150000	107.385576	0.183152	-50.682730
	258	1.100000	0.100000	101.373457	0.143411	-55.112139
	259	2.200000	0.200000	101.131899	0.141815	-35.339440
	260	1.650000	0.150000	102.448845	0.150520	-45.099085
	261	1.650000	0.150000	91.354354	0.077185	-27.228853
	262	-0.550000	-0.050000	100.447652	0.137292	-110.011007
	263	-2.200000	-0.200000	96.154087	0.108911	-151.429208
	264	1.100000	0.100000	99.673923	0.132177	-52.890355
	265	-1.100000	-0.100000	92.254733	0.083137	-140.261033
	266	1.650000	0.150000	94.835611	0.100196	-33.741913
	267	1.100000	0.100000	102.441441	0.150471	-56.392745
	268	1.100000	0.100000	100.773543	0.139446	-54.354793
	269	1.650000	0.150000	104.605146	0.164773	-47.687024
	270	1.650000	0.150000	109.355017	0.196170	-52.596856
	271	1.100000	0.100000	108.428601	0.190046	-62.247167
	272	1.100000	0.100000	116.478891	0.243258	-67.653147
	273	1.100000	0.100000	112.484795	0.216857	-65.244036
	274	1.100000	0.100000	114.678901	0.231360	-66.624745
	275	0.550000	0.050000	113.451500	0.223247	-77.375972
	276	1.100000	0.100000	117.921226	0.252792	-68.417152
	277	1.100000	0.100000	116.526964	0.243576	-67.679437
	278	1.100000	0.100000	126.577052	0.310007	-72.121698
	279	1.100000	0.100000	116.211185	0.241489	-67.505663
	280	0.550000	0.050000	105.508877	0.170747	-73.678296
	281	1.100000	0.100000	104.850738	0.166396	-58.995179
	282	2.200000	0.200000	99.903068	0.133692	-33.761163
	283	1.650000	0.150000	96.077519	0.108405	-35.855688
	284	1.650000	0.150000	94.431785	0.097527	-33.031086
	285	1.100000	0.100000	98.062314	0.121525	-50.549788
	286	1.650000	0.150000	105.421287	0.170168	-48.604336
	287	1.650000	0.150000	100.899698	0.140280	-43.082138
	288	0.000000	0.000000	56.630125	-0.152342	90.000000
	289	-0.550000	-0.050000	95.819920	0.106702	-115.107448
	290	1.650000	0.150000	101.058207	0.141328	-43.294887
	291	1.650000	0.150000	99.286306	0.129615	-40.830362
	292	0.550000	0.050000	103.184263	0.155381	-72.162342
	293	1.100000	0.100000	111.876007	0.212833	-64.833456
	294	1.100000	0.100000	108.219780	0.188666	-62.074698
	295	1.650000	0.150000	104.170358	0.161899	-47.184769
	296	1.100000	0.100000	101.682079	0.145451	-55.490893
	297	1.100000	0.100000	107.126769	0.181441	-61.138910
	298	0.550000	0.050000	108.950081	0.193493	-75.511289
	299	1.100000	0.100000	110.608232	0.204453	-63.936316
	300	1.650000	0.150000	114.035747	0.227109	-56.556226
	301	2.200000	0.200000	110.549350	0.204064	-45.576264
	302	1.100000	0.100000	107.808866	0.185949	-61.729503
	303	1.650000	0.150000	107.595245	0.184537	-50.894299
	304	1.650000	0.150000	106.556638	0.177672	-49.827230
	305	1.100000	0.100000	98.862512	0.126814	-51.742230
	306	0.000000	0.000000	41.231416	-0.254128	90.000000
	307	0.000000	0.000000	100.403655	0.137001	-90.000000
	308	0.550000	0.050000	97.822953	0.119943	-67.370388
	309	1.650000	0.150000	99.104454	0.128413	-40.566448
	310	1.100000	0.100000	98.099428	0.121770	-50.606471
	311	-0.550000	-0.050000	95.496096	0.104562	-115.556440
	312	1.100000	0.100000	102.543812	0.151147	-56.511152
	313	1.100000	0.100000	98.105083	0.121807	-50.615095
	314	1.100000	0.100000	102.994165	0.154124	-57.023402
	315	1.100000	0.100000	101.777778	0.146084	-55.606880
	316	0.000000	0.000000	103.286585	0.156057	-90.000000
	317	1.100000	0.100000	107.832123	0.186103	-61.749249
	318	1.100000	0.100000	102.864185	0.153265	-56.876988
	319	1.100000	0.100000	108.555894	0.190887	-62.351341
	320	1.100000	0.100000	107.826202	0.186064	-61.744225
	321	0.550000	0.050000	105.647025	0.171660	-73.760534
	322	0.550000	0.050000	108.465966	0.190293	-75.278145
	323	1.100000	0.100000	110.253230	0.202107	-63.674344
	324	1.100000	0.100000	111.464495	0.210113	-64.548639
	325	1.100000	0.100000	111.992429	0.213603	-64.912955
	326	1.650000	0.150000	111.203125	0.208386	-54.252922
	327	1.100000	0.100000	112.424518	0.216459	-65.203945
	328	1.650000	0.150000	108.680963	0.191714	-51.959831
	329	1.650000	0.150000	105.580556	0.171220	-48.779560
	330	1.650000	0.150000	103.974622	0.160605	-46.955510
	331	1.650000	0.150000	98.457622	0.124138	-39.610634
	332	1.650000	0.150000	104.331760	0.162966	-47.372337
	333	1.650000	0.150000	100.529750	0.137834	-42.579794
	334	1.650000	0.150000	98.441724	0.124033	-39.586803
	335	2.200000	0.200000	101.201131	0.142272	-35.426583
	336	2.200000	0.200000	101.466881	0.144029	-35.759342
	337	1.650000	0.150000	99.964951	0.134101	-41.796957
	338	1.650000	0.150000	102.185832	0.148781	-44.766275
	339	1.100000	0.100000	110.910164	0.206449	-64.155336
	340	1.650000	0.150000	102.108308	0.148269	-44.667440
	341	1.650000	0.150000	111.220130	0.208498	-54.267570
	342	1.100000	0.100000	114.354202	0.229214	-66.429649
	343	1.100000	0.100000	108.292937	0.189149	-62.135344
	344	1.100000	0.100000	110.438364	0.203330	-63.811570
	345	2.200000	0.200000	106.941790	0.180218	-42.021713
	346	1.100000	0.100000	109.034042	0.194048	-62.736288
	347	1.100000	0.100000	104.404323	0.163445	-58.540662
	348	1.100000	0.100000	108.926612	0.193338	-62.650662
	349	1.650000	0.150000	112.848392	0.219261	-55.623310
	350	1.100000	0.100000	109.262094	0.195555	-62.916422
	351	0.550000	0.050000	104.080427	0.161304	-72.777985
	352	1.100000	0.100000	108.024150	0.187373	-61.911327
	353	0.550000	0.050000	104.157492	0.161814	-72.829008
	354	1.650000	0.150000	105.074268	0.167874	-48.218303
	355	1.650000	0.150000	105.390479	0.169964	-48.570301
	356	1.100000	0.100000	98.656402	0.125452	-51.440951
	357	0.550000	0.050000	95.508019	0.104641	-64.460357
	358	2.200000	0.200000	105.153896	0.168400	-40.097397
	359	2.200000	0.200000	101.833410	0.146452	-36.213765
	360	1.650000	0.150000	105.225914	0.168876	-48.387719
	361	1.650000	0.150000	102.775327	0.152678	-45.506876
	362	1.100000	0.100000	111.070446	0.207509	-64.270217
	363	2.200000	0.200000	109.526054	0.197300	-44.610646
	364	1.650000	0.150000	105.609418	0.171411	-48.811183
	365	1.650000	0.150000	103.666667	0.158570	-46.590794
	366	1.100000	0.100000	109.274506	0.195637	-62.926163
	367	1.650000	0.150000	107.834808	0.186121	-51.133703
	368	1.100000	0.100000	106.561712	0.177706	-60.632329
	369	1.100000	0.100000	107.583857	0.184462	-61.537145
	370	2.200000	0.200000	105.313007	0.169452	-40.273244
	371	1.650000	0.150000	102.776953	0.152689	-45.508892
	372	1.650000	0.150000	112.349830	0.215965	-55.217853
	373	1.650000	0.150000	110.928495	0.206570	-54.014901
	374	1.100000	0.100000	109.166772	0.194925	-62.841397
	375	1.650000	0.150000	106.485986	0.177205	-49.752883
	376	1.100000	0.100000	104.655843	0.165108	-58.798208
	377	2.200000	0.200000	102.667595	0.151966	-37.228594
	378	2.200000	0.200000	106.561073	0.177702	-41.621339
	379	1.650000	0.150000	102.762403	0.152592	-45.490844
	380	1.100000	0.100000	100.721592	0.139103	-54.287865
	381	1.650000	0.150000	100.359691	0.136710	-42.346122
	382	0.550000	0.050000	101.056092	0.141314	-70.515049
	383	1.650000	0.150000	97.902646	0.120469	-38.768944
	384	1.650000	0.150000	106.808506	0.179337	-50.090427
	385	1.650000	0.150000	106.048123	0.174311	-49.286981
	386	1.650000	0.150000	103.985828	0.160679	-46.968688
	387	1.100000	0.100000	106.057193	0.174371	-60.166153
	388	1.100000	0.100000	106.744898	0.178917	-60.798324
	389	1.100000	0.100000	112.444444	0.216591	-65.217212
	390	1.650000	0.150000	109.303474	0.195829	-52.548788
	391	1.650000	0.150000	113.475788	0.223408	-56.121889
	392	1.100000	0.100000	108.297511	0.189179	-62.139127
	393	0.550000	0.050000	107.025362	0.180771	-74.538887
	394	1.650000	0.150000	109.673000	0.198271	-52.891084
	395	1.100000	0.100000	107.327361	0.182767	-61.314922
	396	0.000000	0.000000	109.111111	0.194557	-90.000000
	397	1.650000	0.150000	107.113040	0.181350	-50.404843
	398	-0.550000	-0.050000	110.759435	0.205453	-103.677891
	399	1.650000	0.150000	107.128312	0.181451	-50.420502
Average found primary freq.		6.457711		8.800995		9.318408
Average found secondary freq.		13.059701		13.676617		14.656716
COM frequency		30.102983		22.565169		25.190421

Average found frequencies for arc-length oriented points (X)
		1st third of flagellum	2nd third of flagellum	3rd third of flagellum
	1st frequency peak	18.617711	12.906256	10.084918
	2nd frequency peak	24.433134	28.414251	21.604880
	COM frequency	32.036493	32.498949	29.018661

Average found frequencies for arc-length oriented points (Y)
		1st third of flagellum	2nd third of flagellum	3rd third of flagellum
	1st frequency peak	10.144179	8.000000	8.012674
	2nd frequency peak	19.879900	23.949430	14.475919
	COM frequency	39.875246	37.809961	37.131234

Average found frequencies for arc-length oriented points (Z)
		1st third of flagellum	2nd third of flagellum	3rd third of flagellum
	1st frequency peak	22.457015	13.239856	9.995564
	2nd frequency peak	36.725373	28.933440	38.835868
	COM frequency	20.625181	19.471697	19.174208

Average found frequencies for arc-length oriented points (Curvature)
		1st third of flagellum	2nd third of flagellum	3rd third of flagellum
	1st frequency peak	8.528955	8.535279	8.968314
	2nd frequency peak	26.380597	35.154707	20.163498
	COM frequency	40.124930	42.823585	42.515568

Average found frequencies for arc-length oriented points (Curvature Angle)
		1st third of flagellum	2nd third of flagellum	3rd third of flagellum
	1st frequency peak	9.173930	8.648411	8.680608
	2nd frequency peak	21.349552	32.059165	53.602662
	COM frequency	41.877552	42.852119	44.252396

Datafile was generated by 'SpermQ_', (© 2016 - 2021: Jan N Hansen (jan.hansen@uni-bonn.de.de) & Jan F Jikeli (jan.jikeli@caesar.de))
The plug-in 'SpermQ_' is distributed in the hope that it will be useful, but WITHOUT ANY WARRANTY; without even the implied warranty of MERCHANTABILITY or FITNESS FOR A PARTICULAR PURPOSE.
Skeleton results are generated using the ImageJ plug-ins 'skeletonize' and 'analyze skeleton' by: Ignacio Arganda-Carreras, Rodrigo Fernandez-Gonzalez, Arrate Munoz-Barrutia, Carlos Ortiz-De-Solorzano, '3D reconstruction of histological sections: Application to mammary gland tissue', Microscopy Research and Technique, Volume 73, Issue 11, pages 1019-1029, October 2010.
Plug-in version:	v0.2.2
