Saving date:	2021-02-15	21:03:38	Analysis started:	2021-02-15	20:53:59
Processed image:	Rabbit delta 78 heterozygote019_SpQP.tif

SETTINGS: 
	Sample rate [Hz]:	200.000000
	Tethered sperm:	false
	xy calibration [um]:	0.550000
	TRACE GENERATION
	Selected thresholding method:	Default
	Gaussian blur for trace generation - sigma:	0.500
	Repeat gaussian blur after binarization:	true
	Blur only inside manual selection:	false
	Upscale trace (fold):	3
	Head center-of-mass added as first point of trace:	false
	Unify start points (e.g. for tethered sperm):	false
	XY PRECISION AND GAUSS FITS
	Filter out points with unaccepted normal gauss fit:	false
	Max vector length [points]:	20
	Normal vector radius [um]:	6.000000
	Exclude head points from correction / deletion (initial 0 points):	false
	Smooth normal for xy fit:	true
	SMOOTHING
	Z smoothing method:	median
	Accepted xy distance for fit-width-smoothing:	9.600000
	# points before or after individual point included in xy- and fit-width-smoothing:	15
	Maximum distance of points to find a reference vector:	6.400000
	ADDITIONAL CALCULATIONS:
	Curvature and dAngle Calcultion - distance of upstream reference point:	10.000000
	Grouped timesteps for fourier transform:	200
	Initial arclengths neglected for forier transform (µm):	0.000000
	Head rotation matrix radius (points):	10

RESULTS:
Angle Theta [°]:		2D
	0	53.243487
	1	64.843108
	2	55.916751
	3	77.711407
	4	86.071383
	5	141.323338
	6	135.817561
	7	52.563003
	8	86.181831
	9	84.786199
	10	88.689592
	11	73.509819
	12	83.050822
	13	81.923783
	14	85.830768
	15	84.181201
	16	160.080084
	17	45.510086
	18	342.063196
	19	58.842082
	20	51.952863
	21	58.730618
	22	55.177073
	23	56.781241
	24	61.833286
	25	65.394974
	26	78.130460
	27	137.613003
	28	32.529329
	29	66.749270
	30	248.042589
	31	55.188446
	32	92.281288
	33	211.375195
	34	89.076516
	35	117.635802
	36	53.569326
	37	255.981042
	38	223.650093
	39	108.629972
	40	343.998431
	41	59.491040
	42	42.605769
	43	87.898735
	44	215.243923
	45	325.782603
	46	91.067098
	47	124.341381
	48	61.084758
	49	250.874392
	50	252.765626
	51	16.340955
	52	62.817014
	53	343.390462
	54	90.422631
	55	139.337640
	56	203.850231
	57	150.965251
	58	307.286565
	59	97.642265
	60	264.617052
	61	253.873157
	62	98.653997
	63	220.071716
	64	224.221162
	65	254.122768
	66	319.102184
	67	331.793867
	68	284.955836
	69	28.763856
	70	250.376862
	71	243.836787
	72	22.082380
	73	69.080692
	74	157.582014
	75	311.398560
	76	272.498970
	77	205.459702
	78	281.153014
	79	12.986716
	80	25.889119
	81	203.032754
	82	198.462742
	83	297.045035
	84	191.414474
	85	136.113667
	86	34.326577
	87	179.264597
	88	357.449660
	89	189.618269
	90	129.049655
	91	156.568046
	92	67.625120
	93	122.865088
	94	231.838881
	95	202.064808
	96	78.482530
	97	241.453241
	98	26.989777
	99	274.411665
	100	168.067839
	101	9.067217
	102	66.137900
	103	304.162004
	104	18.116975
	105	290.335682
	106	49.785597
	107	330.068642
	108	208.841111
	109	117.687237
	110	326.830599
	111	169.667845
	112	335.628309
	113	98.579757
	114	186.580344
	115	249.987982
	116	115.971877
	117	92.820722
	118	222.921747
	119	181.771149
	120	60.534708
	121	144.623932
	122	177.615242
	123	66.581474
	124	250.139489
	125	196.590146
	126	48.994485
	127	56.246312
	128	113.611790
	129	111.563975
	130	163.959248
	131	63.815736
	132	210.514199
	133	159.615917
	134	136.447089
	135	80.610858
	136	127.312336
	137	202.670107
	138	113.625303
	139	191.156497
	140	226.131857
	141	54.397140
	142	359.852418
	143	80.862708
	144	110.960893
	145	82.326145
	146	305.852733
	147	205.596197
	148	82.715195
	149	326.379890
	150	91.343568
	151	52.383824
	152	108.075257
	153	290.328369
	154	99.358611
	155	63.515604
	156	328.786965
	157	251.653191
	158	82.894541
	159	24.084966
	160	359.737272
	161	79.277948
	162	77.224294
	164	15.837011
	167	49.229054
	169	61.244875
	170	275.529931
	171	62.134935
	173	357.342781
	174	70.017957
	175	59.479194
	176	73.896145
	177	77.256095
	178	81.835287
	179	80.504743
	180	73.729769
	181	72.228281
	182	75.629019
	183	70.899650
	184	78.349038
	185	69.767307
	186	106.820282
	187	45.665821
	188	167.114701
	189	23.535546
	190	68.189178
	191	75.301949
	192	102.782046
	193	24.224957
	194	68.101757
	195	182.022594
	196	21.919349
	197	42.232681
	198	54.284552
	199	50.650417
	200	28.649875
	201	57.008751
	202	63.952123
	203	67.654379
	204	70.039335
	205	69.610990
	206	79.992020
	207	80.035241
	208	78.478393
	209	74.447900
	210	76.406066
	211	70.999242
	212	89.867308
	213	92.297240
	214	75.225282
	215	86.282565
	216	78.743045
	217	79.186625
	218	67.474612
	219	72.123457
	220	70.749778
	221	71.119588
	222	70.228215
	223	69.425331
	224	70.420540
	225	69.228943
	226	75.327101
	227	99.919183
	228	102.300415
	229	81.065171
	230	108.240032
	231	135.807432
	232	78.400592
	233	79.072038
	234	76.471107
	235	79.452730
	236	88.995446
	237	87.197440
	239	92.810830
	240	80.279893
	241	196.428895
	242	137.337893
	243	248.383640
	244	41.787942
	245	74.488225
	246	78.251865
	247	67.940608
	248	245.771988
	249	299.133057
	250	222.893793
	251	224.667601
	252	229.233688
	253	235.077491
	254	260.563644
	255	259.215539
	256	85.084669
	257	85.327849
	258	314.776826
	259	74.955587
	260	71.563496
	261	269.330551
	262	88.258479
	263	64.038684
	264	149.664476
	265	72.123811
	266	245.590858
	267	241.422321
	268	329.739723
	269	94.868227
	270	14.755214
	271	242.709490
	272	55.714915
	273	90.141993
	274	323.858241
	275	273.178147
	276	58.158289
	277	62.611223
	278	157.955091
	279	254.937845
	280	331.161095
	281	173.170833
	282	337.549408
	283	158.980542
	284	125.630524
	285	45.489594
	286	226.482875
	287	55.062041
	288	154.939916
	289	189.215403
	290	158.643925
	291	352.021592
	292	246.868264
	293	226.325828
	294	73.314783
	295	31.030541
	296	50.846137
	297	239.864379
	298	100.021634
	299	126.153122
	300	277.834518
	301	185.780501
	302	44.042508
	303	262.175690
	304	219.135283
	305	32.789351
	306	265.641218
	307	282.519251
	308	312.213691
	309	108.967753
	310	37.754048
	311	2.288371
	312	309.478822
	313	220.779542
	314	179.754713
	315	84.795850
	316	203.717091
	317	261.874087
	318	245.633927
	319	118.558761
	320	56.403314
	321	33.363914
	322	60.967198
	323	128.948328
	324	70.406126
	325	341.671569
	326	280.168245
	327	223.864457
	328	233.292625
	329	72.017220
	330	238.397436
	331	102.562553
	332	321.128726
	333	239.982254
	334	252.160141
	335	213.938199
	336	150.049121
	337	26.349299
	338	272.552332
	339	81.929950
	340	219.298345
	341	306.280539
	342	72.141359
	343	58.736316
	344	65.037048
	345	100.466092
	346	105.190464
	347	247.534877
	348	116.164483
	349	76.411283
	350	122.362455
	351	343.241666
	352	270.422637
	353	142.004355
	354	82.010208
	355	116.126880
	356	77.507004
	357	73.311149
	358	70.382204
	359	65.754358
	360	280.942740
	361	272.593270
	362	276.167968
	363	266.406161
	364	63.523870
	365	65.308263
	366	91.259816
	367	87.527919
	368	31.439302
	369	229.809358
	370	65.984052
	371	232.703010
	372	87.040349
	373	141.773664
	374	77.201256
	375	88.311504
	376	88.606733
	377	81.758536
	378	73.966099
	379	71.916698
	380	86.010005
	381	73.564340
	382	68.144953
	383	67.928056
	384	257.416536
	385	157.292260
	386	75.723753
	387	76.275600
	388	78.224685
	389	74.053103
	390	93.013322
	391	93.513030
	392	85.084669
	393	118.496853
	394	122.146088
	395	170.374574
	396	74.744881
	397	67.682940
	398	79.614429
	399	6.856517
	Average found primary freq.:	16.656250
	Average found secondary freq.:	7.000000
	Average COM freq.:	22.961610

head position		x [µm]	y [µm]	width (no interpol) [µm]	width (mean-smooth) [µm]	width (median-smooth) [µm]
	0	70.950000	78.100000	0.684119	0.655041	0.638206
	1	68.750000	73.150000	0.733858	0.709388	0.685263
	2	69.850000	77.000000	0.570363	1.270767	1.383855
	3	62.700000	84.700000	1.807523	1.807523	0.000000
	4	72.466012	85.853595	1.313342	1.117520	1.185350
	5	75.320314	94.570314	1.867962	1.182780	1.479171
	6	74.250000	90.750000	0.827754	0.868931	0.764103
	7	67.650000	82.500000	0.691096	0.636475	0.638003
	8	67.650000	80.300000	0.539545	0.693984	0.605295
	9	67.650000	80.850000	0.754070	0.915991	0.891680
	10	67.650000	83.600000	0.565234	0.472856	0.513613
	11	67.100000	75.900000	0.969571	0.527530	0.732337
	12	66.550000	80.850000	0.540123	0.598559	0.574585
	13	66.000000	78.650000	0.822909	2.863174	1.068299
	14	64.900000	74.250000	0.542527	2.768876	2.738410
	15	76.193931	80.006069	1.848377	1.947980	1.966199
	16	76.931225	78.453557	2.831916	3.809228	4.042701
	17	73.700000	78.650000	0.666422	0.885430	0.563035
	18	63.250000	88.550000	10.420047	10.420047	0.000000
	19	65.450000	75.900000	0.772363	0.675546	0.715560
	20	74.250000	77.000000	0.789498	0.232757	0.175652
	21	75.539558	78.379203	1.913471	1.288276	1.531694
	22	76.150370	77.579963	1.767693	2.113795	2.070836
	23	76.097816	76.885655	2.201167	2.095203	2.147443
	24	68.750000	78.100000	0.590561	0.590575	0.590812
	25	68.750000	77.000000	0.536862	4.804990	4.533340
	26	77.550000	77.000000	0.865683	2.615621	0.809561
	27	77.794957	79.200000	5.089356	1.651981	1.325480
	28	63.250000	81.950000	2.707327	1.564580	2.582071
	29	70.950000	79.200000	0.563823	0.843617	0.652218
	30	67.010559	75.439441	0.753464	0.748230	0.748230
	31	51.700000	28.050000	2.547441	2.499535	1.900743
	32	75.618357	54.557343	0.692604	0.818474	0.411044
	33	61.600000	61.050000	2.536968	0.737166	0.388012
	34	26.950000	19.250000	0.374238	0.782633	0.876761
	35	136.928561	30.871462	0.861596	-0.089769	0.683446
	36	50.600000	69.300000	0.467119	-0.254447	0.150436
	37	47.850000	45.650000	3.167933	1.316431	1.507135
	38	44.550000	29.700000	1.072844	0.266161	0.592889
	39	56.650000	23.100000	0.307814	0.102851	0.198633
	40	31.900000	33.550000	0.392073	1.018489	0.845391
	41	53.326324	17.102632	0.681448	0.073799	0.639689
	42	44.000000	58.300000	1.350200	0.282796	0.234842
	43	50.600000	59.950000	0.546463	0.710260	0.755877
	44	80.850000	37.950000	1.494003	1.394218	1.260884
	45	50.600000	42.350000	1.859670	1.101516	1.057304
	46	40.150000	25.300000	0.686157	-0.232782	0.363934
	47	48.400000	5.500000	0.455686	0.836192	0.616420
	48	61.552680	1.839279	0.975900	1.046065	0.951905
	49	96.800000	28.600000	1.247515	2.125740	2.097599
	50	85.250000	48.400000	1.049891	1.620026	1.642918
	51	77.831341	8.948085	0.560143	0.659855	0.509553
	52	101.750000	7.700000	0.945657	1.025993	0.914035
	53	107.250000	5.500000	1.380730	-0.689654	0.236285
	54	42.900000	114.400000	0.575887	0.781703	0.779609
	55	47.850000	36.850000	0.419718	0.362541	0.432225
	56	35.750000	11.000000	26.957202	2.648070	0.315798
	57	133.650000	1.100000	0.399516	0.163559	0.151563
	58	28.233333	137.683333	0.305129	0.427321	0.311504
	59	80.220136	42.307807	0.662532	1.343887	0.775362
	60	92.400000	14.300000	0.498726	0.949466	0.516922
	61	2.775512	84.700000	0.576355	0.549499	0.620763
	62	87.766966	54.783258	1.082408	4.583455	4.972377
	63	102.300000	71.500000	1.281059	0.712430	0.690863
	64	97.350000	10.450000	0.590785	3.594446	3.485157
	65	95.700000	59.400000	0.408852	0.346362	0.351464
	66	101.750000	29.700000	0.470865	0.524718	0.500157
	67	116.050000	39.050000	0.631240	0.700802	0.623007
	68	10.450000	8.250000	2.207235	1.536218	1.654758
	69	73.700000	27.500000	0.360139	0.033711	0.133102
	70	124.300000	38.500000	2.694689	1.243741	0.721752
	71	49.500000	37.400000	0.737725	0.753032	0.641103
	72	50.573163	1.368367	0.546723	-0.650624	0.725694
	73	115.500000	0.550000	0.320278	0.234186	0.221750
	74	42.350000	117.150000	0.498108	0.987067	0.828440
	75	98.450000	16.500000	0.133872	-1.223834	0.832320
	76	96.250000	41.800000	0.639093	1.315399	0.950111
	77	110.550000	121.000000	1.549912	1.699934	1.501904
	78	115.500000	86.350000	0.585839	0.690931	0.682372
	79	123.200000	45.100000	0.509143	0.468591	0.413209
	80	120.386995	6.680047	0.796700	0.796700	0.000000
	81	105.050000	57.750000	0.465955	0.907347	0.511869
	82	114.950000	19.800000	147.297622	5.447922	2.260302
	83	113.850000	16.500000	436.256311	12.360794	0.653955
	84	45.100000	2.750000	0.138617	0.118711	0.131047
	85	125.950000	52.800000	0.893934	0.971535	0.989106
	86	117.150000	47.850000	0.346406	3.323668	0.514604
	87	113.850000	99.550000	0.508369	0.647095	0.640897
	88	124.300000	29.700000	1.174761	1.670118	1.687879
	89	98.450000	62.150000	0.594974	0.351447	0.440713
	90	66.000000	118.800000	0.420849	1.003496	0.590174
	91	79.750000	129.250000	0.448360	0.920347	0.437135
	92	69.300000	32.450000	0.528961	-0.764865	0.458574
	93	15.400000	130.900000	0.902363	1.372172	1.375462
	94	130.900000	31.350000	1.844906	0.731185	0.570501
	95	101.200000	75.350000	2.475804	0.695853	0.517694
	96	64.900000	41.250000	0.500560	0.455841	0.483591
	97	110.550000	95.150000	0.458186	0.092675	0.209512
	98	109.450000	56.100000	0.615554	1.002870	0.945246
	99	57.750000	58.300000	0.772810	0.560655	0.643325
	100	32.450000	17.050000	0.419854	0.218033	0.358021
	101	25.130714	1.776786	0.538559	0.238291	0.389870
	102	105.600000	125.950000	0.466669	0.726316	0.470353
	103	117.516667	137.683333	0.305129	0.266064	0.260039
	104	57.440785	125.159500	0.539034	2.986112	0.615036
	105	101.143854	61.038545	0.491155	1.975343	1.884308
	106	100.100000	20.350000	1.089528	1.381267	1.416791
	107	123.200000	121.000000	0.496812	-0.386946	0.265230
	108	28.986533	58.218267	0.563051	0.950398	0.956649
	109	137.500000	14.850000	0.305129	0.287121	0.288318
	110	35.750000	109.450000	104.638436	7.787568	1.270038
	111	137.500000	0.550000	0.305129	0.305129	0.305129
	112	110.550000	36.300000	0.407185	0.140786	0.581499
	113	97.350000	107.800000	0.715734	0.522460	0.465029
	114	22.000000	66.550000	0.700722	0.359958	1.374459
	115	112.658283	23.136687	0.557553	0.524303	0.513317
	116	88.550000	46.750000	0.474192	0.364721	0.712320
	117	93.500000	117.700000	0.916903	0.599870	0.216607
	118	97.900000	26.400000	1.116862	0.567418	0.474671
	119	12.100000	41.250000	0.761893	0.232899	0.761874
	120	124.300000	10.450000	0.432904	-0.430670	0.134240
	121	40.461653	0.209505	0.308456	0.430534	0.307373
	122	28.050000	5.500000	83.233132	5.200763	0.606704
	123	126.500000	90.200000	0.634271	-0.918948	0.158302
	124	34.100000	39.600000	1.709463	2.157594	1.664537
	125	112.750000	62.700000	2.614689	0.901717	0.470778
	126	128.150000	37.400000	0.373788	2.272876	2.590034
	127	65.763220	31.954601	0.623597	0.501231	0.636758
	128	68.862533	50.346801	1.035370	1.555383	2.063717
	129	95.700000	73.700000	2.253622	0.329329	0.667325
	130	90.750000	50.600000	0.685120	0.864383	0.235278
	131	64.900000	50.050000	0.945149	-0.271886	0.532445
	132	80.850000	44.000000	1.800906	1.141975	1.462816
	133	79.200000	39.600000	0.632098	0.814101	0.858377
	134	73.150000	35.200000	0.429168	1.146063	0.661492
	135	80.300000	24.200000	57.152761	1.879475	0.461964
	136	137.500000	42.350000	0.305129	0.171165	0.199608
	137	88.920510	41.321796	0.418007	0.306191	0.343822
	138	73.072061	16.305152	2.007325	0.345499	1.095888
	139	121.000000	63.800000	0.129400	1.271510	1.258308
	140	135.300000	12.100000	0.616823	1.224944	0.634680
	141	55.550000	63.250000	1.168925	0.749300	0.826922
	142	43.450000	57.750000	0.563236	-0.149201	0.400274
	143	96.250000	70.400000	0.487716	0.677819	0.513782
	144	68.200000	55.550000	0.471106	0.360631	0.372361
	145	66.000000	56.100000	0.434662	0.544653	0.539900
	146	25.850000	39.600000	0.676504	0.733046	0.403861
	147	75.900000	58.850000	0.490546	0.678687	0.524696
	148	64.350000	47.300000	78.969464	5.409972	2.150743
	149	52.250000	15.950000	1.102827	0.963480	0.862902
	150	53.020347	51.479653	0.667640	0.650764	0.678377
	151	44.000000	55.550000	0.452564	0.610764	0.508078
	152	72.600000	44.550000	0.619323	0.350501	0.529162
	153	108.350000	36.850000	1.170674	0.610412	0.654140
	154	70.400000	41.250000	0.552685	0.729612	0.764921
	155	63.250000	39.600000	923.465369	24.606060	-0.180135
	156	42.350000	78.650000	0.490204	0.334305	0.333267
	157	88.550000	81.950000	0.654635	0.863342	0.701343
	158	51.729246	63.805849	0.524778	0.924432	1.182552
	159	49.500000	64.350000	0.445715	0.220281	0.358398
	160	66.007159	102.845705	2.084780	0.737892	1.268611
	161	75.177542	92.798983	0.527423	0.570479	0.554599
	162	67.100000	100.650000	0.977491	0.977491	0.000000
	164	74.372206	101.872206	1.784998	1.706879	1.892026
	167	68.200000	105.600000	2.452045	1.385798	1.890916
	169	68.200000	101.750000	0.900194	1.181424	1.224903
	170	76.608823	102.311759	0.964502	0.945735	0.945735
	171	69.300000	104.500000	0.134635	1.164380	1.435209
	173	73.150000	97.350000	0.945250	2.309421	1.052410
	174	86.900000	99.000000	0.357710	0.546812	0.534758
	175	74.250000	99.550000	0.965637	0.936981	0.936981
	176	67.650000	102.850000	0.753337	-0.138046	-0.105983
	177	74.250000	101.200000	0.772047	0.770759	0.769451
	178	78.650000	101.750000	3.299554	3.964900	3.710975
	179	76.450000	103.400000	5.467285	7.581637	6.962931
	180	75.900000	102.300000	1.199552	1.532517	-0.075247
	181	74.788731	100.969115	1.312070	0.361863	0.044713
	182	76.450000	102.300000	6.658329	6.658329	0.000000
	183	75.900000	101.200000	2.584393	2.527514	2.544504
	184	76.450000	97.900000	0.712958	8.353277	9.692475
	185	77.000000	101.750000	10.931673	6.994828	8.992999
	186	80.427244	101.683745	1.704624	0.995503	1.328640
	187	75.167199	100.429680	1.044739	1.047485	1.029764
	188	82.500000	107.800000	1.586391	0.671216	0.837059
	189	74.896751	101.130892	1.697695	1.490445	1.470016
	190	75.350000	103.950000	0.816669	0.841416	0.841313
	191	74.649405	101.439352	1.125941	1.092635	1.134322
	192	76.450000	96.800000	0.442778	1.432832	0.986899
	193	73.150000	99.000000	1.169348	1.087866	1.088858
	194	74.904807	102.195193	1.122375	1.772700	1.560539
	195	74.943490	100.259433	1.702007	0.492931	0.718915
	196	71.614440	98.286514	1.056698	1.062212	1.059824
	197	72.600000	99.000000	1.118027	0.892642	0.909031
	198	73.217254	99.437910	1.120802	1.499531	1.170414
	199	73.066925	99.092306	1.083927	1.458231	1.263389
	200	74.435878	100.278244	1.408056	1.296247	1.364473
	201	74.544074	99.805926	1.114643	1.214852	1.240835
	202	76.297497	102.171502	1.319129	-0.974555	-0.452681
	203	76.016321	100.331632	1.415523	0.742701	1.988273
	204	74.800000	97.900000	0.876520	0.961219	0.937895
	205	74.800000	98.450000	0.832923	1.023552	0.981080
	206	87.450000	102.300000	2.066777	2.024750	2.017490
	207	76.696420	102.300000	1.771214	1.738668	1.756615
	208	77.000000	102.300000	1.821681	1.871166	1.864424
	209	77.550000	101.750000	1.709620	1.680821	1.712943
	210	78.282613	102.281739	1.797245	1.767190	1.766916
	211	78.650000	103.950000	2.128204	2.155665	2.157634
	212	81.212569	111.101229	1.231510	1.230389	1.230389
	213	78.498671	101.245399	1.548368	1.563701	1.567538
	214	78.824610	101.697617	1.403635	1.284297	1.301959
	215	78.705349	101.750000	1.610591	1.552736	1.583329
	216	78.234207	101.200000	1.624089	1.591933	1.616383
	217	78.221741	101.200000	1.692796	1.673912	1.676504
	218	77.550000	103.400000	2.063442	2.190108	2.180872
	219	78.100000	103.950000	2.135047	2.188041	2.177465
	220	77.550000	103.400000	2.018283	2.048468	2.051975
	221	78.100000	104.500000	2.128044	2.188424	2.189240
	222	78.100000	104.500000	2.036521	2.091459	2.099237
	223	78.650000	105.600000	2.191628	2.225088	2.232705
	224	78.650000	105.600000	2.190339	2.215546	2.217537
	225	79.200000	106.700000	2.389238	2.386933	2.366072
	226	79.310656	103.938934	1.818953	1.743951	1.749810
	227	79.390374	103.342888	1.486133	1.441693	1.479716
	228	79.526800	103.301960	1.386166	1.262577	1.290488
	229	79.265655	102.843435	1.321293	1.000808	1.182301
	230	79.477859	102.458777	1.225004	1.159227	1.181193
	231	79.750000	106.150000	0.940429	0.980607	0.987900
	232	79.200000	101.750000	0.788425	0.795044	0.797617
	233	79.200000	102.300000	0.754190	0.756787	0.758365
	234	78.650000	101.200000	0.809216	0.801121	0.801121
	235	78.566233	101.758377	0.870955	0.787704	0.785707
	236	78.100000	101.750000	0.791655	0.789668	0.801726
	237	78.978357	104.221252	1.648932	1.728651	1.223240
	239	78.811603	101.271160	1.038635	0.995114	1.020502
	240	79.449472	104.640053	1.043317	-6.197260	-8.827219
	241	79.200000	105.600000	0.849173	0.354244	0.402325
	242	79.750000	104.500000	0.748815	1.653578	1.743379
	243	79.946603	103.659321	1.162462	0.746723	0.730648
	244	79.200000	102.300000	0.598423	0.672980	0.472879
	245	79.200000	100.650000	0.531677	0.489601	0.519019
	246	79.200000	100.650000	0.571548	0.532076	0.544271
	247	79.200000	101.750000	0.556269	0.514325	0.530359
	248	76.040890	98.132733	0.682057	0.653231	0.656005
	249	81.950000	126.500000	3.047856	1.694485	1.519935
	250	73.150000	125.400000	0.541459	1.352349	0.968805
	251	83.050000	137.500000	0.305129	0.263586	0.277350
	252	69.048471	132.522052	0.596137	0.791589	0.630812
	253	71.549633	76.751836	0.862158	2.158589	1.227132
	254	55.550000	91.850000	0.475551	0.369147	0.401549
	255	81.050773	127.154768	0.837565	0.690598	0.722679
	256	78.650000	102.300000	0.642814	0.717661	0.727734
	257	78.482384	99.985285	0.620477	0.533668	0.563855
	258	63.547433	82.474743	0.576787	0.769952	0.716535
	259	77.762697	100.100000	0.723569	0.656338	0.671907
	260	76.450000	96.250000	0.567014	0.709768	0.619963
	261	86.900000	127.050000	0.473360	7.261365	7.531954
	262	75.350000	104.500000	0.836540	0.875042	0.889541
	263	79.200000	102.300000	0.552517	0.632447	0.611548
	264	103.950000	59.400000	1.368939	2.063900	1.999303
	265	71.798917	87.910325	0.643266	0.661259	0.677025
	266	73.229585	89.477041	0.847074	0.705394	0.782722
	267	87.987018	92.959736	0.557036	0.500974	0.543020
	268	39.050000	128.150000	0.462288	1.568572	1.476974
	269	66.000000	77.000000	0.414487	-0.275832	0.581427
	270	116.050000	132.550000	0.125892	0.672277	0.534575
	271	21.450000	131.450000	0.437019	0.653734	0.515980
	272	101.750000	106.700000	0.629944	0.253087	0.525824
	273	58.850000	122.650000	0.871042	1.017782	0.988518
	274	107.800000	42.350000	6.066566	0.903489	0.545854
	275	129.250000	99.550000	7.489593	1.345579	0.776228
	276	89.650000	127.600000	0.558239	3.076532	1.025623
	277	106.150000	120.450000	0.573055	0.537060	0.466961
	278	35.200000	51.700000	224.373552	7.315345	1.443413
	279	101.343758	99.999370	1.165565	0.907120	0.875860
	280	46.750000	137.500000	0.305129	-0.680445	0.282005
	281	115.500000	109.450000	0.420756	0.475905	0.681417
	282	88.733333	137.683333	0.305129	0.260102	0.272730
	283	96.914989	15.490046	1.117569	0.910998	0.847390
	284	26.400000	131.450000	0.588840	-1.547143	-0.165120
	285	12.100000	118.250000	1.081225	1.186992	1.156945
	286	101.750000	87.450000	0.621634	0.493027	0.480393
	287	88.550000	127.600000	0.595416	3.602753	0.481211
	288	30.250000	96.800000	0.129380	0.787433	0.697301
	289	53.209207	94.842074	0.677189	0.263499	0.223669
	290	136.400000	129.250000	145.614328	4.194964	0.361917
	291	103.434470	136.605298	0.694467	0.545444	0.554956
	292	137.500000	121.000000	0.305129	0.235133	0.254904
	293	134.750000	83.050000	0.625759	0.565304	0.616896
	294	69.850000	85.250000	0.399696	0.525367	0.529358
	295	92.950000	90.750000	1.950867	0.879335	0.811737
	296	121.000000	79.750000	0.561348	-0.019237	0.535228
	297	72.671611	73.827962	1.460228	0.714632	0.863053
	298	76.450000	103.400000	0.389481	0.537314	0.380492
	299	67.100000	42.900000	0.439110	0.431618	0.437974
	300	136.336282	82.500000	0.493079	0.471013	0.479615
	301	47.850000	130.350000	0.934627	0.423134	0.531033
	302	69.850000	89.100000	0.573038	0.487694	0.546481
	303	90.200000	101.750000	0.615208	0.634534	0.645750
	304	100.650000	111.100000	1.731769	0.732299	0.802059
	305	27.500000	115.500000	0.519737	0.611012	0.513270
	306	54.450000	86.350000	0.474356	0.218813	0.288583
	307	106.700000	19.250000	1.384778	0.217608	0.376097
	308	101.750000	134.200000	0.639778	0.517996	0.518694
	309	24.200000	42.900000	0.473900	0.575497	0.438781
	310	46.200000	115.500000	0.446792	0.615874	0.600122
	311	98.450000	100.100000	2.074653	1.145229	1.015701
	312	63.800000	50.050000	0.639424	1.035026	0.938232
	313	51.333333	137.683333	0.305129	0.367044	0.407737
	314	46.750000	105.050000	0.452093	1.057535	0.659924
	315	65.450000	105.600000	0.457390	0.445514	0.412702
	316	86.900000	67.100000	1.785954	2.700030	2.862112
	317	6.600000	137.500000	0.305129	0.312544	0.286755
	318	78.790911	102.367727	0.679072	0.664020	0.661139
	319	79.008411	101.989159	1.013577	2.095553	2.227617
	320	101.200000	73.150000	0.405192	0.938413	0.527860
	321	16.500000	122.650000	0.510670	1.333476	0.563198
	322	56.192385	51.469036	0.615445	0.599451	0.627953
	323	37.950000	100.650000	0.529522	0.520615	0.265702
	324	72.600000	88.550000	0.486453	0.503461	0.389059
	325	35.200000	53.350000	0.541332	1.076180	0.609212
	326	42.350000	53.900000	3.723522	1.365033	1.661851
	327	44.550000	52.250000	0.626241	0.531936	0.579622
	328	88.550000	88.550000	1.940340	1.074954	0.979070
	329	74.580539	93.367784	0.609760	0.799279	0.828673
	330	7.364040	114.890403	0.862535	2.997799	3.634588
	331	20.350000	30.800000	0.438011	0.459147	0.437834
	332	60.883101	63.075522	0.770861	1.766282	1.948287
	333	92.950000	18.700000	0.500304	2.449517	0.743799
	334	73.121339	94.336606	0.798180	0.050784	0.789988
	335	66.000000	50.050000	0.422189	0.994856	0.422189
	336	48.950000	74.250000	0.620334	0.537389	0.478410
	337	26.950000	128.150000	9.940654	3.373350	4.332877
	338	64.900000	79.200000	0.717355	0.656812	0.649567
	339	76.589399	94.063940	0.474596	0.592524	0.383786
	340	91.940270	46.659730	0.679895	1.378676	0.797285
	341	55.000000	10.450000	200.411324	5.849331	0.496965
	342	73.700000	90.200000	0.468069	0.440316	0.422066
	343	84.700000	103.950000	0.702822	0.909756	0.852752
	344	80.300000	107.800000	1.150151	0.888278	1.038395
	345	75.900000	110.000000	0.699850	0.448427	0.485890
	346	76.450000	109.450000	0.648639	0.546310	0.570828
	347	81.496612	111.047967	0.758021	0.724891	0.744300
	348	77.550000	106.700000	0.805907	0.753055	0.806511
	349	80.300000	108.900000	0.852848	0.741879	0.800476
	350	77.550000	106.150000	0.520719	1.420084	0.908714
	351	79.845075	111.864392	1.381462	1.192090	1.250978
	352	79.180930	113.252325	1.418696	1.195791	1.264587
	353	79.111879	109.744752	1.127326	1.127326	0.000000
	354	78.650000	109.450000	0.588803	0.572644	0.575983
	355	73.150000	109.450000	0.136025	-0.494332	0.535397
	356	78.650000	108.900000	0.484324	0.450208	0.475824
	357	78.650000	108.900000	0.531849	1.369120	0.935583
	358	79.200000	110.550000	0.848087	0.700543	0.810083
	359	79.200000	110.550000	0.896041	0.821125	0.911693
	360	74.809295	113.456634	0.848004	0.674047	0.663475
	361	75.266559	114.090097	0.778764	0.810956	0.792506
	362	75.562225	114.187775	0.857371	0.928065	0.900468
	363	75.906042	111.755771	1.243756	1.243756	0.000000
	364	80.850000	111.100000	0.944049	0.970895	0.965159
	365	80.850000	111.100000	0.908992	0.978120	0.975670
	366	89.071832	112.200000	1.973195	2.310277	2.258637
	367	69.300000	112.200000	2986031.353813	597209.721751	0.526333
	368	76.164985	111.790505	2.953879	3.561071	3.326054
	369	81.031274	112.436891	0.870176	0.870176	0.000000
	370	80.300000	112.200000	0.870502	0.633872	0.671270
	371	80.850000	112.200000	1.098115	1.335652	1.055288
	372	80.300000	110.000000	0.938582	0.915865	0.922634
	373	77.550000	110.550000	0.619141	1.203252	1.164036
	374	79.200000	111.100000	0.585030	0.579177	0.600384
	375	78.650000	111.650000	0.662907	0.645265	0.651141
	376	78.404364	112.108691	0.753766	0.750719	0.750818
	377	78.650000	110.000000	0.604505	0.611714	0.611448
	378	78.650000	111.100000	0.604196	0.591696	0.612394
	379	78.650000	111.650000	0.635625	0.613817	0.590273
	380	78.650000	108.900000	0.472186	0.435110	0.460680
	381	78.780069	110.000000	0.571479	1.370394	0.535820
	382	79.200000	112.200000	1.045381	1.077438	1.076896
	383	79.750000	112.750000	1.166334	1.040605	1.030571
	384	82.500000	122.100000	0.925520	0.866312	0.868090
	385	82.051075	119.180108	2.203444	1.827116	2.348977
	386	78.650000	117.150000	6.644120	-1.607197	-3.370236
	387	78.650000	117.150000	8.339412	8.339412	0.000000
	388	77.000000	111.650000	0.593693	1.710848	1.002127
	389	76.866969	112.763303	0.943483	0.970100	1.017621
	390	88.389662	116.050000	1.858431	1.886663	1.900582
	391	87.778687	116.050000	1.760656	1.699773	1.701178
	392	76.450000	112.200000	2.851762	3.223955	3.159243
	393	86.350000	116.600000	1.640611	1.011949	1.011949
	394	85.800000	116.600000	0.766567	1.840384	0.662742
	395	85.250000	114.950000	0.583304	0.652807	0.661725
	396	79.200000	112.750000	0.786268	0.787497	0.792632
	397	79.200000	113.300000	0.529982	0.744227	0.744009
	398	79.200000	111.650000	0.565654	1.092712	0.567544
	399	68.200000	117.150000	2.963680	3.218824	3.189374

head rotation		Maximum position	Maximum position (normalized)	Maximum intensity 	Maximum intensity (normalized)	position-intensity vector angle
	0	4.400000	0.400000	69.160360	-0.214359	28.186797
	1	3.300000	0.300000	39.657002	-0.340417	48.611137
	2	3.300000	0.300000	38.349629	-0.346003	49.073216
	3	0.000000	0.000000	50.219959	-0.295285	90.000000
	4	0.000000	0.000000	152.189696	0.140395	-90.000000
	5	4.950000	0.450000	149.531399	0.129037	-16.000158
	6	-1.650000	-0.150000	144.410646	0.107158	-144.458581
	7	0.550000	0.050000	39.830356	-0.339676	81.626245
	8	-3.850000	-0.350000	43.452834	-0.324198	137.191645
	9	-3.850000	-0.350000	45.601383	-0.315018	138.011124
	10	-3.300000	-0.300000	52.355881	-0.286159	136.352688
	11	0.000000	0.000000	29.695470	-0.382979	90.000000
	12	-3.850000	-0.350000	44.653035	-0.319070	137.646774
	13	-3.300000	-0.300000	42.071411	-0.330101	132.264989
	14	0.000000	0.000000	26.223799	-0.397812	90.000000
	15	-1.100000	-0.100000	41.473094	-0.332657	106.731296
	16	-4.950000	-0.450000	47.080343	-0.308699	145.549935
	17	5.500000	0.500000	34.007164	-0.364556	36.096260
	18	5.500000	0.500000	27.125388	-0.393960	38.235254
	19	3.300000	0.300000	24.475249	-0.405283	53.490264
	20	-1.100000	-0.100000	25.533692	-0.400760	104.010663
	21	-0.550000	-0.050000	44.404613	-0.320132	98.877062
	22	-0.550000	-0.050000	40.890748	-0.335145	98.485319
	23	1.100000	0.100000	31.481767	-0.375346	75.081747
	24	3.850000	0.350000	46.949665	-0.309258	41.463602
	25	0.000000	0.000000	37.717917	-0.348702	90.000000
	26	0.000000	0.000000	22.513790	-0.413663	90.000000
	27	-4.950000	-0.450000	34.668234	-0.361732	141.205995
	28	3.300000	0.300000	25.605194	-0.400455	53.161352
	29	3.300000	0.300000	39.898366	-0.339385	48.524893
	30	0.000000	0.000000	30.348700	-0.380188	90.000000
	31	0.550000	0.050000	7.267477	-0.478805	84.038405
	32	0.550000	0.050000	5.801119	-0.485070	84.114861
	33	3.300000	0.300000	10.621483	-0.464475	57.141954
	34	1.650000	0.150000	6.122382	-0.483698	72.770763
	36	-3.300000	-0.300000	5.453637	-0.486555	121.657140
	37	3.850000	0.350000	5.356541	-0.486970	54.294059
	38	4.950000	0.450000	4.564628	-0.490354	47.457235
	39	0.000000	0.000000	7.509812	-0.477770	90.000000
	40	-4.950000	-0.450000	4.917510	-0.488846	132.630674
	41	-4.950000	-0.450000	6.049314	-0.484010	132.914616
	42	-4.950000	-0.450000	7.443255	-0.478054	133.268530
	43	4.400000	0.400000	5.430210	-0.486655	50.581944
	44	0.000000	0.000000	14.948563	-0.445987	90.000000
	45	0.000000	0.000000	5.292793	-0.487242	90.000000
	46	3.850000	0.350000	4.811712	-0.489298	54.423452
	47	3.850000	0.350000	4.828157	-0.489228	54.419558
	49	0.000000	0.000000	5.613463	-0.485872	90.000000
	50	-4.400000	-0.400000	5.537920	-0.486195	129.444649
	51	-2.200000	-0.200000	7.300778	-0.478663	112.676662
	52	2.200000	0.200000	3.829870	-0.493493	67.938550
	53	2.200000	0.200000	4.769786	-0.489477	67.775104
	54	-5.500000	-0.500000	6.407486	-0.482480	136.021634
	55	-0.550000	-0.050000	2.678481	-0.498412	95.728663
	56	-4.950000	-0.450000	4.367884	-0.491194	132.493880
	59	-3.300000	-0.300000	5.458929	-0.486533	121.658330
	60	-3.300000	-0.300000	6.129536	-0.483667	121.809719
	62	0.000000	0.000000	7.921942	-0.476009	90.000000
	63	-2.200000	-0.200000	6.084999	-0.483858	112.457500
	64	5.500000	0.500000	5.759832	-0.485247	44.142114
	65	2.750000	0.250000	3.674406	-0.494157	63.164606
	66	3.300000	0.300000	4.932941	-0.488780	58.459511
	67	-2.200000	-0.200000	3.972284	-0.492884	112.086067
	68	2.750000	0.250000	5.759142	-0.485250	62.742542
	69	-3.300000	-0.300000	4.211502	-0.491862	121.380134
	70	3.300000	0.300000	4.546428	-0.490431	58.545604
	71	3.300000	0.300000	5.057212	-0.488249	58.431741
	74	-3.850000	-0.350000	2.868182	-0.497602	125.121542
	75	-1.650000	-0.150000	4.497532	-0.490640	106.999598
	76	-0.550000	-0.050000	5.166059	-0.487784	95.852630
	77	-3.850000	-0.350000	6.483811	-0.482154	125.976266
	78	-5.500000	-0.500000	6.811229	-0.480755	136.124173
	79	2.750000	0.250000	6.051335	-0.484001	62.682404
	80	0.000000	0.000000	6.878059	-0.480469	90.000000
	81	5.500000	0.500000	5.968411	-0.484356	44.089477
	82	5.500000	0.500000	5.782272	-0.485151	44.136455
	83	0.550000	0.050000	4.926299	-0.488808	84.159551
	85	0.000000	0.000000	8.107404	-0.475217	90.000000
	86	-3.300000	-0.300000	4.536597	-0.490473	121.452211
	87	0.000000	0.000000	6.795217	-0.480823	90.000000
	88	4.950000	0.450000	5.723263	-0.485403	47.167494
	89	-4.400000	-0.400000	5.163051	-0.487797	129.352224
	90	0.000000	0.000000	2.887911	-0.497518	90.000000
	91	2.200000	0.200000	5.066282	-0.488210	67.723067
	92	0.000000	0.000000	5.299656	-0.487213	90.000000
	93	-3.850000	-0.350000	6.008523	-0.484184	125.861859
	94	4.400000	0.400000	6.389065	-0.482558	50.344146
	95	-1.650000	-0.150000	5.231937	-0.487502	107.102651
	96	3.850000	0.350000	7.946393	-0.475904	53.667686
	97	2.750000	0.250000	5.081045	-0.488147	62.881165
	98	3.300000	0.300000	6.547275	-0.481882	58.095319
	99	4.400000	0.400000	8.114561	-0.475186	49.910142
	100	-3.850000	-0.350000	3.430053	-0.495201	125.252039
	102	2.750000	0.250000	5.815032	-0.485011	62.731058
	104	2.200000	0.200000	2.962626	-0.497198	68.087346
	105	2.200000	0.200000	4.637841	-0.490041	67.798187
	106	-4.400000	-0.400000	6.096305	-0.483809	129.582995
	107	4.400000	0.400000	4.672614	-0.489892	50.768147
	108	3.300000	0.300000	3.788822	-0.493668	58.713137
	110	2.750000	0.250000	4.813468	-0.489290	62.935508
	112	-0.550000	-0.050000	3.346835	-0.495557	95.761453
	113	3.850000	0.350000	9.579078	-0.468929	53.262993
	114	-2.750000	-0.250000	7.793939	-0.476556	117.681390
	115	0.000000	0.000000	3.929570	-0.493067	90.000000
	116	-4.400000	-0.400000	7.894830	-0.476125	130.034152
	117	0.550000	0.050000	3.078919	-0.496701	84.251736
	118	5.500000	0.500000	5.430666	-0.486653	44.224991
	119	-5.500000	-0.500000	6.257464	-0.483121	135.983623
	120	-3.300000	-0.300000	5.605115	-0.485908	121.691221
	122	-5.500000	-0.500000	6.316102	-0.482870	135.998474
	123	3.850000	0.350000	5.377032	-0.486882	54.289176
	124	-5.500000	-0.500000	3.696675	-0.494062	135.342252
	125	0.000000	0.000000	4.249424	-0.491700	90.000000
	126	-4.950000	-0.450000	7.210238	-0.479050	133.209042
	127	-2.750000	-0.250000	7.278463	-0.478758	117.572850
	128	3.850000	0.350000	6.986820	-0.480004	53.901965
	129	-2.200000	-0.200000	5.425193	-0.486677	112.340235
	130	-4.950000	-0.450000	6.899311	-0.480378	133.129869
	131	-4.950000	-0.450000	6.830877	-0.480671	133.112475
	132	2.750000	0.250000	5.791378	-0.485112	62.735919
	133	3.850000	0.350000	6.793794	-0.480829	53.948777
	134	2.200000	0.200000	4.975151	-0.488600	67.739086
	135	-3.850000	-0.350000	4.917337	-0.488847	125.601570
	137	-5.500000	-0.500000	3.774266	-0.493730	135.361480
	138	4.950000	0.450000	4.384899	-0.491121	47.501896
	139	4.400000	0.400000	5.724882	-0.485396	50.509119
	141	0.000000	0.000000	4.424623	-0.490952	90.000000
	142	3.300000	0.300000	6.873177	-0.480490	58.020882
	143	5.500000	0.500000	4.737153	-0.489616	44.398843
	144	-4.400000	-0.400000	4.143770	-0.492152	129.102745
	145	3.850000	0.350000	9.127947	-0.470856	53.375587
	146	0.000000	0.000000	6.307193	-0.482908	90.000000
	147	-5.500000	-0.500000	3.808474	-0.493584	135.369961
	148	-2.750000	-0.250000	5.980754	-0.484303	117.303047
	149	-1.100000	-0.100000	4.597944	-0.490211	101.529785
	150	-5.500000	-0.500000	4.658227	-0.489954	135.581437
	151	-5.500000	-0.500000	5.801961	-0.485067	135.868510
	152	0.000000	0.000000	6.635070	-0.481507	90.000000
	153	1.100000	0.100000	6.095894	-0.483811	78.321854
	154	0.000000	0.000000	7.787179	-0.476585	90.000000
	155	3.300000	0.300000	7.180471	-0.479177	57.950410
	156	3.850000	0.350000	7.270334	-0.478793	53.833018
	157	-5.500000	-0.500000	6.419547	-0.482428	136.024692
	158	4.950000	0.450000	6.428644	-0.482389	46.989537
	159	2.750000	0.250000	5.263418	-0.487368	62.844011
	160	1.100000	0.100000	55.507639	-0.272693	69.861340
	161	0.000000	0.000000	36.671894	-0.353171	90.000000
	162	-5.500000	-0.500000	68.344880	-0.217844	156.457849
	164	1.100000	0.100000	115.082886	-0.018149	10.286756
	167	-1.100000	-0.100000	55.351050	-0.273362	110.093318
	169	-5.500000	-0.500000	67.307262	-0.222277	156.032263
	170	0.000000	0.000000	144.798284	0.108814	-90.000000
	171	-0.550000	-0.050000	63.420408	-0.238884	101.821715
	173	3.300000	0.300000	63.789590	-0.237307	38.344797
	174	-0.550000	-0.050000	55.542300	-0.272544	100.395674
	175	-0.550000	-0.050000	111.592637	-0.033062	146.525913
	176	0.550000	0.050000	47.056385	-0.308802	80.802705
	177	-0.550000	-0.050000	160.345564	0.175242	-105.924514
	178	3.850000	0.350000	179.508592	0.257118	-36.301898
	179	1.100000	0.100000	194.679171	0.321937	-72.744161
	180	0.550000	0.050000	192.357999	0.312019	-80.895952
	181	0.000000	0.000000	167.378211	0.205290	-90.000000
	182	1.100000	0.100000	195.464714	0.325293	-72.911784
	183	0.550000	0.050000	183.890240	0.275840	-79.725850
	184	3.300000	0.300000	81.763232	-0.160512	28.148558
	185	1.100000	0.100000	204.323305	0.363143	-74.603835
	186	4.950000	0.450000	138.498306	0.081896	-10.314483
	187	0.000000	0.000000	154.909479	0.152015	-90.000000
	188	1.650000	0.150000	88.145080	-0.133245	41.614611
	189	1.100000	0.100000	127.842222	0.036367	-19.984707
	190	-0.550000	-0.050000	191.538529	0.308518	-99.205609
	191	0.000000	0.000000	154.383114	0.149766	-90.000000
	192	-2.200000	-0.200000	37.528730	-0.349510	119.779478
	193	1.100000	0.100000	83.949242	-0.151172	56.515427
	194	-0.550000	-0.050000	185.269073	0.281731	-100.063745
	195	-3.300000	-0.300000	124.627415	0.022631	-175.685950
	196	0.000000	0.000000	69.500259	-0.212907	90.000000
	197	-0.550000	-0.050000	96.137422	-0.099096	116.773676
	198	-0.550000	-0.050000	130.005755	0.045611	-137.628434
	199	-0.550000	-0.050000	111.704299	-0.032585	146.907975
	200	-0.550000	-0.050000	137.857653	0.079159	-122.278118
	201	-0.550000	-0.050000	135.020404	0.067037	-126.717845
	202	0.000000	0.000000	202.397439	0.354914	-90.000000
	203	0.000000	0.000000	147.991907	0.122459	-90.000000
	204	0.000000	0.000000	63.279618	-0.239486	90.000000
	205	0.000000	0.000000	69.555884	-0.212670	90.000000
	206	0.000000	0.000000	86.358735	-0.140877	90.000000
	207	0.550000	0.050000	188.252125	0.294476	-80.363486
	208	-0.550000	-0.050000	203.737101	0.360638	-97.893350
	209	-0.550000	-0.050000	195.701640	0.326305	-98.711710
	210	0.000000	0.000000	212.840939	0.399535	-90.000000
	211	0.550000	0.050000	215.870770	0.412481	-83.088454
	212	0.000000	0.000000	197.175436	0.332602	-90.000000
	213	0.000000	0.000000	190.565622	0.304361	-90.000000
	214	0.000000	0.000000	201.368242	0.350517	-90.000000
	215	0.550000	0.050000	206.875223	0.374046	-82.386215
	216	0.000000	0.000000	198.993959	0.340372	-90.000000
	217	0.000000	0.000000	196.479135	0.329627	-90.000000
	218	-0.550000	-0.050000	217.260930	0.418420	-96.814363
	219	0.000000	0.000000	217.935240	0.421302	-90.000000
	220	-0.550000	-0.050000	216.876924	0.416780	-96.840935
	221	0.000000	0.000000	217.095448	0.417713	-90.000000
	222	0.000000	0.000000	216.270298	0.414188	-90.000000
	223	0.550000	0.050000	213.119792	0.400727	-82.887775
	224	0.550000	0.050000	213.620113	0.402865	-82.925130
	225	0.550000	0.050000	208.972969	0.383009	-82.562369
	226	0.550000	0.050000	206.564672	0.372719	-82.359430
	227	0.550000	0.050000	180.039013	0.259385	-79.089270
	228	0.550000	0.050000	176.439321	0.244005	-78.419590
	229	0.000000	0.000000	178.778006	0.253997	-90.000000
	230	0.000000	0.000000	152.674465	0.142466	-90.000000
	231	-0.550000	-0.050000	140.305016	0.089616	-119.158782
	232	0.000000	0.000000	163.347329	0.188067	-90.000000
	233	0.000000	0.000000	173.978433	0.233490	-90.000000
	234	0.000000	0.000000	147.684678	0.121146	-90.000000
	235	0.000000	0.000000	172.070989	0.225340	-90.000000
	236	0.000000	0.000000	177.478650	0.248445	-90.000000
	237	0.550000	0.050000	208.546272	0.381186	-82.527198
	239	0.550000	0.050000	114.627801	-0.020094	21.893826
	240	0.550000	0.050000	193.369937	0.316343	-81.018340
	241	1.650000	0.150000	118.519984	-0.003464	1.322814
	242	-1.650000	-0.150000	115.630003	-0.015812	173.982647
	243	-0.550000	-0.050000	140.440602	0.090195	-119.001963
	244	5.500000	0.500000	80.186256	-0.167250	18.495069
	245	0.000000	0.000000	53.160176	-0.282722	90.000000
	246	0.000000	0.000000	50.460962	-0.294255	90.000000
	247	0.000000	0.000000	58.977483	-0.257867	90.000000
	248	0.000000	0.000000	38.901279	-0.343646	90.000000
	249	-4.950000	-0.450000	8.650358	-0.472897	133.578807
	250	2.750000	0.250000	7.902054	-0.476094	62.295745
	252	-0.550000	-0.050000	8.395418	-0.473986	96.021767
	253	0.000000	0.000000	6.331111	-0.482806	90.000000
	254	0.000000	0.000000	5.704719	-0.485482	90.000000
	255	0.550000	0.050000	4.847477	-0.489145	84.163544
	256	0.000000	0.000000	78.759831	-0.173344	90.000000
	257	0.000000	0.000000	39.661804	-0.340396	90.000000
	258	0.000000	0.000000	6.041039	-0.484045	90.000000
	259	0.000000	0.000000	35.709741	-0.357282	90.000000
	260	0.000000	0.000000	30.875307	-0.377938	90.000000
	261	-4.950000	-0.450000	5.053894	-0.488263	132.664729
	262	-4.950000	-0.450000	64.718620	-0.233337	152.592017
	263	0.000000	0.000000	38.582917	-0.345006	90.000000
	264	3.300000	0.300000	4.407061	-0.491027	58.576544
	265	0.000000	0.000000	9.669040	-0.468544	90.000000
	266	0.000000	0.000000	15.902715	-0.441910	90.000000
	267	0.000000	0.000000	6.457877	-0.482264	90.000000
	268	4.950000	0.450000	3.276500	-0.495857	47.775652
	269	-3.300000	-0.300000	7.697027	-0.476970	122.168680
	271	-1.100000	-0.100000	5.322269	-0.487116	101.601057
	272	2.200000	0.200000	6.146406	-0.483595	67.531526
	273	-5.500000	-0.500000	8.342915	-0.474210	136.516404
	274	-4.400000	-0.400000	4.987632	-0.488546	129.309099
	275	-5.500000	-0.500000	7.801431	-0.476524	136.377156
	276	-5.500000	-0.500000	3.368657	-0.495463	135.261106
	277	4.400000	0.400000	3.752299	-0.493824	50.992366
	278	-4.950000	-0.450000	3.789427	-0.493666	132.350676
	279	-5.500000	-0.500000	4.141698	-0.492161	135.452707
	281	2.750000	0.250000	7.415298	-0.478174	62.398414
	283	-0.550000	-0.050000	6.665001	-0.481379	95.929944
	284	4.950000	0.450000	4.714816	-0.489712	47.419856
	285	-3.850000	-0.350000	5.200239	-0.487638	125.668737
	286	-5.500000	-0.500000	5.060348	-0.488235	135.682048
	287	1.100000	0.100000	4.190480	-0.491952	78.509931
	288	-5.500000	-0.500000	4.350099	-0.491270	135.504576
	289	-2.750000	-0.250000	3.238923	-0.496018	116.748752
	294	0.000000	0.000000	6.771920	-0.480923	90.000000
	295	-2.750000	-0.250000	4.972406	-0.488611	117.096747
	296	0.000000	0.000000	4.164440	-0.492063	90.000000
	297	-2.750000	-0.250000	8.259335	-0.474567	117.780063
	298	-3.850000	-0.350000	10.859594	-0.463457	127.059862
	299	3.850000	0.350000	6.163160	-0.483524	54.100988
	301	-4.950000	-0.450000	4.658858	-0.489951	132.566211
	302	-0.550000	-0.050000	2.306896	-0.500000	95.710593
	303	-2.750000	-0.250000	4.379611	-0.491144	116.976806
	304	-2.750000	-0.250000	3.374851	-0.495437	116.775740
	305	-3.850000	-0.350000	3.835045	-0.493471	125.346624
	306	-5.500000	-0.500000	5.273352	-0.487325	135.735483
	307	1.100000	0.100000	6.282944	-0.483012	78.303064
	309	4.950000	0.450000	5.422109	-0.486690	47.243110
	310	0.550000	0.050000	6.595160	-0.481678	84.073704
	311	3.850000	0.350000	3.686980	-0.494103	54.688008
	312	-5.500000	-0.500000	5.473268	-0.486471	135.785722
	314	-2.750000	-0.250000	4.549900	-0.490416	117.011160
	315	1.650000	0.150000	6.386793	-0.482568	72.732824
	316	3.300000	0.300000	5.507007	-0.486327	58.330860
	318	-0.550000	-0.050000	16.876882	-0.437748	96.516144
	319	0.000000	0.000000	6.718443	-0.481151	90.000000
	320	2.200000	0.200000	4.333743	-0.491340	67.851215
	321	2.750000	0.250000	5.353804	-0.486982	62.825562
	322	4.950000	0.450000	7.151889	-0.479299	46.805833
	323	3.850000	0.350000	4.162924	-0.492070	54.576476
	324	0.000000	0.000000	4.316590	-0.491413	90.000000
	325	-5.500000	-0.500000	5.486729	-0.486414	135.789108
	326	2.200000	0.200000	3.811199	-0.493573	67.941774
	327	5.500000	0.500000	4.414533	-0.490995	44.479368
	328	-1.650000	-0.150000	4.806708	-0.489319	107.042835
	329	0.000000	0.000000	8.862478	-0.471990	90.000000
	330	-3.300000	-0.300000	5.421346	-0.486693	121.649884
	331	2.200000	0.200000	3.734597	-0.493900	67.954991
	332	0.000000	0.000000	5.425725	-0.486674	90.000000
	333	-3.850000	-0.350000	5.685307	-0.485565	125.784416
	334	1.100000	0.100000	7.815414	-0.476464	78.146839
	335	-3.850000	-0.350000	4.539103	-0.490463	125.512110
	336	4.950000	0.450000	6.871059	-0.480499	46.877313
	337	-2.750000	-0.250000	4.043107	-0.492582	116.909157
	338	-1.650000	-0.150000	4.196789	-0.491925	106.957744
	339	0.550000	0.050000	6.191844	-0.483401	84.094680
	340	0.550000	0.050000	4.333107	-0.491343	84.189471
	341	4.950000	0.450000	5.345061	-0.487019	47.262421
	342	0.000000	0.000000	5.839616	-0.484906	90.000000
	343	-0.550000	-0.050000	6.872496	-0.480493	95.940807
	344	5.500000	0.500000	40.113669	-0.338465	34.095282
	345	-0.550000	-0.050000	49.724415	-0.297402	99.543462
	346	0.000000	0.000000	52.808061	-0.284227	90.000000
	347	0.000000	0.000000	74.061054	-0.193421	90.000000
	348	-4.400000	-0.400000	35.118989	-0.359806	138.028155
	349	0.000000	0.000000	51.222100	-0.291003	90.000000
	350	0.000000	0.000000	26.387267	-0.397113	90.000000
	351	5.500000	0.500000	71.902832	-0.202642	22.061912
	352	0.000000	0.000000	115.535091	-0.016217	90.000000
	353	-1.650000	-0.150000	50.679526	-0.293321	117.084501
	354	0.000000	0.000000	72.051156	-0.202008	90.000000
	355	-5.500000	-0.500000	52.180736	-0.286907	150.152174
	356	0.000000	0.000000	40.069843	-0.338653	90.000000
	357	0.000000	0.000000	41.576048	-0.332217	90.000000
	358	0.000000	0.000000	67.947217	-0.219543	90.000000
	359	5.500000	0.500000	67.565099	-0.221175	23.862244
	360	0.000000	0.000000	101.209494	-0.077425	90.000000
	361	0.000000	0.000000	116.218653	-0.013296	90.000000
	362	0.000000	0.000000	118.598100	-0.003130	90.000000
	363	0.000000	0.000000	91.926720	-0.117087	90.000000
	364	4.950000	0.450000	120.010062	0.002903	-0.369595
	365	4.950000	0.450000	119.803465	0.002020	-0.257207
	366	0.550000	0.050000	70.144659	-0.210154	76.616957
	367	-0.550000	-0.050000	49.507062	-0.298331	99.514298
	368	2.200000	0.200000	90.679477	-0.122416	31.469987
	369	-0.550000	-0.050000	90.885514	-0.121536	112.362339
	370	0.000000	0.000000	97.098643	-0.094989	90.000000
	371	-0.550000	-0.050000	91.158815	-0.120368	112.557637
	372	4.950000	0.450000	63.618580	-0.238037	27.877594
	373	-4.400000	-0.400000	90.692970	-0.122358	162.991332
	374	0.550000	0.050000	83.243585	-0.154187	72.033073
	375	0.000000	0.000000	110.860105	-0.036192	90.000000
	376	0.000000	0.000000	117.451139	-0.008031	90.000000
	377	0.000000	0.000000	51.984368	-0.287746	90.000000
	378	5.500000	0.500000	75.198719	-0.188560	20.662437
	379	4.950000	0.450000	80.072906	-0.167734	20.442561
	380	0.000000	0.000000	36.790970	-0.352662	90.000000
	381	0.000000	0.000000	43.088147	-0.325757	90.000000
	382	4.400000	0.400000	99.505311	-0.084707	11.956671
	383	4.400000	0.400000	134.748282	0.065874	-9.351798
	384	-3.850000	-0.350000	227.410945	0.461788	-127.159360
	385	0.000000	0.000000	112.658989	-0.028506	90.000000
	386	1.100000	0.100000	236.354428	0.500000	-78.690068
	387	1.100000	0.100000	234.915721	0.493853	-78.552985
	388	0.000000	0.000000	81.517820	-0.161561	90.000000
	389	0.000000	0.000000	127.533005	0.035046	-90.000000
	390	0.550000	0.050000	113.401522	-0.025333	26.869562
	391	0.550000	0.050000	106.835358	-0.053388	46.876839
	392	0.000000	0.000000	102.893210	-0.070231	90.000000
	393	0.000000	0.000000	104.552934	-0.063140	90.000000
	394	-0.550000	-0.050000	106.918756	-0.053032	133.314637
	395	-4.400000	-0.400000	106.161079	-0.056269	171.992625
	396	4.950000	0.450000	114.995939	-0.018521	2.356798
	397	5.500000	0.500000	118.800899	-0.002263	0.259374
	398	3.850000	0.350000	52.039047	-0.287513	39.401893
	399	2.750000	0.250000	66.157525	-0.227189	42.263241
Average found primary freq.		3.000000		6.093750		9.718750
Average found secondary freq.		14.218750		10.906250		9.437500
COM frequency		34.184131		11.408245		25.091033

Average found frequencies for arc-length oriented points (X)
		1st third of flagellum	2nd third of flagellum	3rd third of flagellum
	1st frequency peak	20.849767	28.515107	6.525180
	2nd frequency peak	24.313539	31.622807	61.390737
	COM frequency	32.712721	33.250608	37.523880

Average found frequencies for arc-length oriented points (Y)
		1st third of flagellum	2nd third of flagellum	3rd third of flagellum
	1st frequency peak	21.342455	10.306043	10.395683
	2nd frequency peak	26.713938	5.526559	14.179856
	COM frequency	47.006645	46.140967	47.727890

Average found frequencies for arc-length oriented points (Z)
		1st third of flagellum	2nd third of flagellum	3rd third of flagellum
	1st frequency peak	10.822956	3.697856	3.310701
	2nd frequency peak	17.334589	11.053850	8.416817
	COM frequency	19.431076	20.310100	22.874371

Average found frequencies for arc-length oriented points (Curvature)
		1st third of flagellum	2nd third of flagellum	3rd third of flagellum
	1st frequency peak	26.165743	12.063353	14.571942
	2nd frequency peak	31.906271	25.234405	17.773381
	COM frequency	46.831435	47.258172	46.376050

Average found frequencies for arc-length oriented points (Curvature Angle)
		1st third of flagellum	2nd third of flagellum	3rd third of flagellum
	1st frequency peak	22.296809	5.576998	45.697842
	2nd frequency peak	27.641591	15.474415	44.438849
	COM frequency	47.849995	44.081057	49.194764

Datafile was generated by 'SpermQ_', (© 2016 - 2021: Jan N Hansen (jan.hansen@uni-bonn.de.de) & Jan F Jikeli (jan.jikeli@caesar.de))
The plug-in 'SpermQ_' is distributed in the hope that it will be useful, but WITHOUT ANY WARRANTY; without even the implied warranty of MERCHANTABILITY or FITNESS FOR A PARTICULAR PURPOSE.
Skeleton results are generated using the ImageJ plug-ins 'skeletonize' and 'analyze skeleton' by: Ignacio Arganda-Carreras, Rodrigo Fernandez-Gonzalez, Arrate Munoz-Barrutia, Carlos Ortiz-De-Solorzano, '3D reconstruction of histological sections: Application to mammary gland tissue', Microscopy Research and Technique, Volume 73, Issue 11, pages 1019-1029, October 2010.
Plug-in version:	v0.2.2
