This file was generated using SpermQ_Evaluator, a java application by Jan Niklas Hansen (© 2017 - 2020) (for credits see: https://github.com/IIIImaging/SpermQ_Evaluator).
Date of processing:	2021-02-15	21:12:13

This file contains the kymograph results for the parameter cAng:
Results Maximum:
arc length	Rabbit delta 78 heterozygote019_SpQP_spq_210215_205359
0.000000	2.890084
0.550000	20.217246
1.100000	33.076183
1.650000	47.191965
2.200000	62.921690
2.750000	64.014061
3.300000	80.299121
3.850000	77.683776
4.400000	84.435918
4.950000	111.248312
5.500000	121.316049
6.050000	129.903840
6.600000	132.243695
7.150000	135.916717
7.700000	154.598398
8.250000	152.401356
8.800000	151.123097
9.350000	152.370203
9.900000	140.829965
10.450000	140.194017
11.000000	145.433298
11.550000	130.579474
12.100000	131.530347
12.650000	131.119341
13.200000	127.241732
13.750000	114.271383
14.300000	114.957375
14.850000	112.645028
15.400000	117.629244
15.950000	118.075840
16.500000	125.883977
17.050000	126.443275
17.600000	118.321077
18.150000	121.192923
18.700000	118.834885
19.250000	111.028237
19.800000	113.170113
20.350000	122.158364
20.900000	119.431461
21.450000	118.621123
22.000000	122.412228
22.550000	116.450711
23.100000	115.910295
23.650000	116.972459
24.200000	117.846964
24.750000	123.177573
25.300000	124.528839
25.850000	120.410096
26.400000	111.949078
26.950000	106.109293
27.500000	90.216007
28.050000	97.136469
28.600000	98.633326
29.150000	106.953071
29.700000	106.661063
30.250000	106.559245
30.800000	105.786374
31.350000	85.407475
31.900000	100.574605
32.450000	78.048233
33.000000	98.282577
33.550000	103.337546
34.100000	97.552976
34.650000	88.492476
35.200000	84.379118
35.750000	95.115158
36.300000	99.097475
36.850000	102.610482
37.400000	104.751607
37.950000	101.731792
38.500000	110.934007
39.050000	108.465758
39.600000	105.396589
40.150000	108.135223
40.700000	116.112641
41.250000	109.367999
41.800000	103.893984
42.350000	83.137641
42.900000	71.398599
43.450000	76.756166
44.000000	84.304900
44.550000	89.960874
45.100000	91.552080
45.650000	81.099617
46.200000	82.477885
46.750000	83.377875
47.300000	82.876930
47.850000	65.833592
48.400000	73.428152
48.950000	74.965240
49.500000	76.962158
50.050000	82.639869
50.600000	74.682057
51.150000	77.834859
51.700000	94.541044
52.250000	102.648239
52.800000	104.338775
53.350000	103.263617
53.900000	99.977280
54.450000	110.746716
55.000000	114.708497
55.550000	108.254340
56.100000	104.376497
56.650000	104.916985
57.200000	110.962175
57.750000	91.587693
58.300000	93.640510
58.850000	90.906732
59.400000	82.249633
59.950000	77.087374
60.500000	76.661002
61.050000	80.125744
61.600000	85.051738
62.150000	79.070004
62.700000	76.679748
63.250000	74.445238
63.800000	83.963588
64.350000	65.291123
64.900000	79.944792
65.450000	93.415564
66.000000	93.822741
66.550000	75.793255
67.100000	86.585304
67.650000	84.961651
68.200000	83.728258
68.750000	80.465730
69.300000	82.077787
69.850000	81.764417
70.400000	80.635159
70.950000	80.772912
71.500000	77.007015
72.050000	79.142241
72.600000	84.052293
73.150000	79.465498
73.700000	77.844499
74.250000	74.825651
74.800000	80.010760
75.350000	86.459410
75.900000	90.459676
76.450000	78.806279
77.000000	79.903534
77.550000	80.216907
78.100000	84.918057
78.650000	91.900427
79.200000	98.167975
79.750000	83.516601
80.300000	89.872173
80.850000	79.937720
81.400000	80.570635
81.950000	83.844657
82.500000	71.547354
83.050000	61.892557
83.600000	58.400462
84.150000	53.030610
84.700000	54.611174
85.250000	74.766065
85.800000	73.888106
86.350000	74.982173
86.900000	80.887955
87.450000	65.491967
88.000000	56.317965
88.550000	58.550446
89.100000	58.032006
89.650000	58.938966
90.200000	56.104461
90.750000	70.940208
91.300000	64.506422
91.850000	64.963284
92.400000	65.746251
92.950000	67.718921
93.500000	74.861567
94.050000	75.500800
94.600000	63.551230
95.150000	59.387297
95.700000	57.511294
96.250000	64.845464
96.800000	59.652769
97.350000	49.838970
97.900000	63.546659
98.450000	55.764238
99.000000	59.293050
99.550000	57.039861
100.100000	63.566568
100.650000	65.480825
101.200000	67.509950
101.750000	82.591301
102.300000	84.713963
102.850000	91.740331
103.400000	93.421421
103.950000	93.293284
104.500000	85.552794
105.050000	81.779494
105.600000	76.075147
106.150000	78.144556
106.700000	79.821546
107.250000	69.356749
107.800000	69.145138
108.350000	59.099171
108.900000	65.065094
109.450000	64.469387
110.000000	71.416210
110.550000	75.263379
111.100000	80.863573
111.650000	72.688374
112.200000	67.990453
112.750000	70.151711
113.300000	58.197839
113.850000	55.708483
114.400000	48.071792
114.950000	44.674840
115.500000	50.735763
116.050000	59.468842
116.600000	45.595031
117.150000	48.052221
117.700000	57.545602
118.250000	64.221029
118.800000	77.072722
119.350000	76.004679
119.900000	71.232347
120.450000	69.104088
121.000000	67.397455
121.550000	64.846618
122.100000	72.864565
122.650000	82.916530
123.200000	81.927556
123.750000	67.916079
124.300000	70.098774
124.850000	54.916194
125.400000	52.766420
125.950000	56.002660
126.500000	57.378045
127.050000	56.390064
127.600000	50.194474
128.150000	48.868224
128.700000	53.881530
129.250000	62.703526
129.800000	65.688642
130.350000	65.099737
130.900000	42.610835
131.450000	32.290314
132.000000	42.782280
132.550000	36.765025
133.100000	46.669531
133.650000	58.193726
134.200000	67.777466
134.750000	70.420304
135.300000	70.525722
135.850000	60.298582
136.400000	61.707737
136.950000	66.922477
137.500000	64.656449
138.050000	64.029226
138.600000	67.796555
139.150000	62.149037
139.700000	73.760392
140.250000	76.783549
140.800000	63.153465
141.350000	78.899052
141.900000	73.515806
142.450000	68.188846
143.000000	92.831759
143.550000	80.518358
144.100000	75.196774
144.650000	71.427851
145.200000	71.704311
145.750000	74.571921
146.300000	75.388472
146.850000	78.186224
147.400000	70.902209
147.950000	69.433932
148.500000	65.333522
149.050000	59.003730
149.600000	48.150093
150.150000	49.085342
150.700000	61.716810
151.250000	69.345337
151.800000	62.783733
152.350000	56.995555
152.900000	61.756572
153.450000	66.778418
154.000000	68.104781
154.550000	72.835936
155.100000	70.458937
155.650000	70.202894
156.200000	76.400485
156.750000	79.115749
157.300000	81.491401
157.850000	78.296845
158.400000	77.457885
158.950000	72.762309
159.500000	71.599587
160.050000	42.990931
160.600000	39.029137
161.150000	38.948999
161.700000	39.083965
162.250000	46.797813
162.800000	49.469278
163.350000	50.144475
163.900000	53.181689
164.450000	69.772256
165.000000	75.991412
165.550000	68.979045
166.100000	76.457126
166.650000	73.662182
167.200000	66.226544
167.750000	65.140712
168.300000	67.016873
168.850000	75.055596
169.400000	82.786183
169.950000	84.052340
170.500000	39.564390
171.050000	34.240944
171.600000	27.903623
172.150000	14.828220
172.700000	9.359234
173.250000	2.551104
173.800000	-0.010651
174.350000	0.792356
174.900000	-0.438725
175.450000	-1.926993
176.000000	-5.621250
176.550000	-3.395058
177.100000	24.312739
177.650000	31.299598
178.200000	41.496479
178.750000	44.249819
179.300000	49.643033
179.850000	37.209835
180.400000	50.155006
180.950000	50.906963
181.500000	52.416775
182.050000	51.382107
182.600000	53.176206
183.150000	53.066134
183.700000	50.014850
184.250000	11.820714
184.800000	8.788774
185.350000	10.024962
185.900000	7.487319
186.450000	5.504244
187.000000	0.236400
187.550000	-2.613221
188.100000	-12.711621
188.650000	-16.325657
189.200000	-28.950980
189.750000	-49.657484
190.300000	-36.283139
190.850000	-28.100301
191.400000	-26.177605
191.950000	-42.054333
192.500000	-26.978929
193.050000	-19.321759
193.600000	-23.776854
194.150000	-19.220959
194.700000	-10.033534
195.250000	-7.863780
195.800000	-2.477380
196.350000	-1.708254
196.900000	9.539347
197.450000	15.712127
198.000000	20.225928
198.550000	23.348789
199.100000	24.175790
199.650000	25.220388
200.200000	27.264243
200.750000	26.497577
201.300000	
201.850000	
202.400000	37.022118
202.950000	35.461809
203.500000	29.927916
204.050000	22.541743
204.600000	17.365167
205.150000	14.898246
205.700000	13.773690
206.250000	8.484782
206.800000	2.054392
207.350000	-7.585212
207.900000	-13.206794
208.450000	-16.189566
209.000000	-13.599658
209.550000	-8.629905
210.100000	-4.180743
210.650000	-1.053274
211.200000	-5.405255
211.750000	3.086887
212.300000	5.154668
212.850000	3.411545
213.400000	-1.299225
213.950000	
214.500000	
215.050000	-9.233832
215.600000	-9.967087
216.150000	-3.150651
216.700000	8.307343
217.250000	19.014195
217.800000	26.313480
218.350000	32.284920
218.900000	32.237112
219.450000	31.626867
220.000000	26.711051
220.550000	27.364729
221.100000	27.154009
221.650000	28.298253
222.200000	25.805847
222.750000	28.091865
223.300000	37.647275
223.850000	46.769273
224.400000	48.818125
224.950000	46.768451
225.500000	44.687877
226.050000	39.278549
226.600000	31.271778
227.150000	27.986497
227.700000	26.839426
228.250000	25.558182
228.800000	17.275028
229.350000	15.958966
229.900000	10.397073
230.450000	5.537232
231.000000	8.161291
231.550000	11.058369
232.100000	12.641482
232.650000	12.391648
233.200000	9.153967
233.750000	2.484285
234.300000	-3.134830
234.850000	-8.464709
235.400000	-12.260405
235.950000	-16.200128
236.500000	-20.148859
237.050000	-21.984441
237.600000	-22.163246
238.150000	-16.645221
238.700000	-12.978836
239.250000	-0.474579
239.800000	-0.428540
240.350000	0.277431
240.900000	-1.881564
241.450000	-5.660250
242.000000	-7.755886
242.550000	-7.490125
243.100000	-9.171903
243.650000	-8.716005
244.200000	-3.183667
244.750000	-0.305136
245.300000	3.968635
245.850000	4.191461
246.400000	9.217035
246.950000	16.951332
247.500000	21.246504
248.050000	22.641566
248.600000	21.563561
249.150000	22.048237
249.700000	16.883839
250.250000	26.819957
250.800000	28.268051
251.350000	20.545718
251.900000	19.402914
252.450000	24.263398
253.000000	23.809043
253.550000	
254.100000	
254.650000	
255.200000	
255.750000	
256.300000	
256.850000	
257.400000	
257.950000	
258.500000	
259.050000	
259.600000	
260.150000	
260.700000	
261.250000	
261.800000	
262.350000	
262.900000	
263.450000	
264.000000	
264.550000	
265.100000	
265.650000	
266.200000	
266.750000	
267.300000	
267.850000	
268.400000	
268.950000	
269.500000	
270.050000	
270.600000	
271.150000	
271.700000	
272.250000	
272.800000	
273.350000	
273.900000	53.917401
274.450000	
275.000000	
275.550000	
276.100000	25.805429
276.650000	19.946604
277.200000	
277.750000	
278.300000	
278.850000	
279.400000	43.544360
279.950000	
280.500000	25.450749
281.050000	14.383410
281.600000	3.726078
282.150000	-5.022518
282.700000	-10.542100
283.250000	-9.668759
283.800000	-2.156808
284.350000	6.325521
284.900000	14.819347
285.450000	31.678807
286.000000	44.299573
286.550000	52.151827
287.100000	
287.650000	51.207137
288.200000	49.545355
288.750000	45.909360
289.300000	42.482539
289.850000	33.328095
290.400000	25.933717
290.950000	16.405064
291.500000	21.336242
292.050000	37.736877
292.600000	43.574550
293.150000	49.029433
293.700000	50.392660
294.250000	
294.800000	45.259947
295.350000	
295.900000	
296.450000	
297.000000	-1.414862
297.550000	
298.100000	3.338286
298.650000	5.727912
299.200000	5.167985
299.750000	9.433839
300.300000	
300.850000	
301.400000	
301.950000	
302.500000	
303.050000	
303.600000	
304.150000	
304.700000	
305.250000	
305.800000	
306.350000	
306.900000	
307.450000	
308.000000	
308.550000	
309.100000	
309.650000	
310.200000	
310.750000	
311.300000	
311.850000	
312.400000	
312.950000	
313.500000	
314.050000	
314.600000	
315.150000	
315.700000	
316.250000	
316.800000	
317.350000	
317.900000	
318.450000	
319.000000	
319.550000	
320.100000	
320.650000	
321.200000	
321.750000	
322.300000	
322.850000	
323.400000	
323.950000	
324.500000	
325.050000	
325.600000	
326.150000	
326.700000	
327.250000	
327.800000	
328.350000	
328.900000	
329.450000	
330.000000	
330.550000	
331.100000	
331.650000	
332.200000	
332.750000	
333.300000	
333.850000	
334.400000	
334.950000	
335.500000	
336.050000	
336.600000	
337.150000	
337.700000	
338.250000	
338.800000	
339.350000	
339.900000	
340.450000	
341.000000	
341.550000	
342.100000	
342.650000	
343.200000	
343.750000	
344.300000	
344.850000	
345.400000	
345.950000	
346.500000	
347.050000	
347.600000	
348.150000	
348.700000	
349.250000	
349.800000	
350.350000	
350.900000	
351.450000	
352.000000	
352.550000	
353.100000	
353.650000	
354.200000	
354.750000	
355.300000	
355.850000	
356.400000	
356.950000	
357.500000	
358.050000	
358.600000	
359.150000	
359.700000	
360.250000	
360.800000	
361.350000	
361.900000	
362.450000	
363.000000	
363.550000	
364.100000	
364.650000	
365.200000	
365.750000	
366.300000	
366.850000	
367.400000	
367.950000	
368.500000	
369.050000	
369.600000	
370.150000	
370.700000	
371.250000	
371.800000	
372.350000	
372.900000	
373.450000	
374.000000	
374.550000	
375.100000	
375.650000	
376.200000	
376.750000	
377.300000	
377.850000	
378.400000	
378.950000	
379.500000	
380.050000	
380.600000	
381.150000	
381.700000	
382.250000	
382.800000	
383.350000	
383.900000	
384.450000	
385.000000	
385.550000	
386.100000	
386.650000	
387.200000	
387.750000	
388.300000	
388.850000	
389.400000	
389.950000	
390.500000	
391.050000	
391.600000	
392.150000	
392.700000	
393.250000	
393.800000	
394.350000	
394.900000	
395.450000	
396.000000	
396.550000	
397.100000	
397.650000	
398.200000	
398.750000	
399.300000	
399.850000	
400.400000	
400.950000	
