This file was generated using SpermQ_Evaluator, a java application by Jan Niklas Hansen (© 2017 - 2020) (for credits see: https://github.com/IIIImaging/SpermQ_Evaluator).
Date of processing:	2021-02-15	21:12:13

This file contains the kymograph results for the parameter cAng:
Results Amplitude:
arc length	Rabbit delta 78 heterozygote019_SpQP_spq_210215_205359
0.000000	5.106600
0.550000	29.172856
1.100000	48.544387
1.650000	65.423420
2.200000	96.261964
2.750000	108.972966
3.300000	132.370146
3.850000	143.997515
4.400000	165.795569
4.950000	192.469052
5.500000	213.737997
6.050000	220.464888
6.600000	227.635784
7.150000	247.579918
7.700000	277.193001
8.250000	277.521960
8.800000	287.604705
9.350000	291.653420
9.900000	286.493227
10.450000	297.101026
11.000000	291.237773
11.550000	259.753321
12.100000	268.732978
12.650000	263.591460
13.200000	264.550700
13.750000	250.573167
14.300000	262.304982
14.850000	244.958128
15.400000	250.953954
15.950000	256.393842
16.500000	266.821129
17.050000	264.603890
17.600000	254.614457
18.150000	258.182862
18.700000	255.359333
19.250000	257.879286
19.800000	252.096654
20.350000	272.591720
20.900000	263.227688
21.450000	260.586480
22.000000	254.415571
22.550000	242.871559
23.100000	239.607257
23.650000	242.842422
24.200000	247.854038
24.750000	244.937792
25.300000	246.797575
25.850000	247.961293
26.400000	225.221766
26.950000	225.664815
27.500000	207.876728
28.050000	209.680071
28.600000	204.748719
29.150000	215.945163
29.700000	208.318078
30.250000	213.679507
30.800000	208.491284
31.350000	192.634450
31.900000	213.492172
32.450000	186.440392
33.000000	203.276362
33.550000	204.040412
34.100000	196.175165
34.650000	197.617591
35.200000	195.895607
35.750000	205.741542
36.300000	197.289076
36.850000	186.118798
37.400000	185.985198
37.950000	177.956343
38.500000	208.174007
39.050000	199.183889
39.600000	189.756651
40.150000	190.231054
40.700000	199.936966
41.250000	195.400598
41.800000	168.624443
42.350000	162.317263
42.900000	146.404914
43.450000	155.018099
44.000000	163.228820
44.550000	169.846198
45.100000	175.248891
45.650000	163.325130
46.200000	144.125944
46.750000	162.668741
47.300000	147.388152
47.850000	145.719563
48.400000	152.463669
48.950000	157.451754
49.500000	154.748576
50.050000	156.986776
50.600000	161.753596
51.150000	172.151325
51.700000	184.174185
52.250000	194.511760
52.800000	201.785652
53.350000	203.308662
53.900000	180.869323
54.450000	195.102155
55.000000	200.335086
55.550000	194.759520
56.100000	189.910341
56.650000	188.061720
57.200000	197.487437
57.750000	184.096847
58.300000	192.607007
58.850000	183.180570
59.400000	178.798298
59.950000	175.326277
60.500000	171.167824
61.050000	166.464252
61.600000	166.209961
62.150000	154.989420
62.700000	148.513513
63.250000	143.351608
63.800000	158.652499
64.350000	146.011773
64.900000	169.319911
65.450000	185.552688
66.000000	188.565379
66.550000	172.528919
67.100000	179.935219
67.650000	171.953081
68.200000	170.169494
68.750000	169.982384
69.300000	155.731739
69.850000	140.982113
70.400000	126.950594
70.950000	124.287001
71.500000	125.772441
72.050000	127.661873
72.600000	131.472337
73.150000	129.658270
73.700000	141.461836
74.250000	147.258163
74.800000	148.105041
75.350000	161.074098
75.900000	166.777235
76.450000	169.940908
77.000000	178.486146
77.550000	179.289135
78.100000	178.080186
78.650000	185.348534
79.200000	175.889238
79.750000	155.259826
80.300000	168.511913
80.850000	153.217374
81.400000	154.893087
81.950000	164.410182
82.500000	150.551098
83.050000	145.785980
83.600000	140.457530
84.150000	118.986177
84.700000	108.954494
85.250000	127.736673
85.800000	124.292290
86.350000	128.528038
86.900000	138.000250
87.450000	123.561847
88.000000	131.024008
88.550000	132.886528
89.100000	131.165666
89.650000	129.352472
90.200000	122.847144
90.750000	135.827814
91.300000	131.579313
91.850000	126.075659
92.400000	136.551917
92.950000	144.897014
93.500000	126.911924
94.050000	126.605172
94.600000	110.597637
95.150000	99.732159
95.700000	94.468696
96.250000	102.217589
96.800000	75.860896
97.350000	76.500007
97.900000	97.099989
98.450000	109.029928
99.000000	125.976418
99.550000	125.400129
100.100000	135.357896
100.650000	140.905872
101.200000	138.983805
101.750000	154.618187
102.300000	138.685516
102.850000	147.090508
103.400000	149.301316
103.950000	152.554070
104.500000	150.831853
105.050000	145.867797
105.600000	146.192071
106.150000	145.109372
106.700000	130.085599
107.250000	123.338114
107.800000	131.798988
108.350000	134.698376
108.900000	151.326248
109.450000	160.612145
110.000000	172.493552
110.550000	177.060436
111.100000	172.334085
111.650000	159.936075
112.200000	139.769791
112.750000	140.882045
113.300000	113.261916
113.850000	113.867850
114.400000	85.928275
114.950000	81.991927
115.500000	91.498078
116.050000	102.776792
116.600000	91.781376
117.150000	93.291045
117.700000	104.243077
118.250000	119.750653
118.800000	138.097198
119.350000	145.845109
119.900000	150.214508
120.450000	145.232410
121.000000	144.386232
121.550000	157.681358
122.100000	164.253510
122.650000	170.996620
123.200000	161.993508
123.750000	141.067948
124.300000	142.361887
124.850000	123.356109
125.400000	126.000787
125.950000	129.080048
126.500000	128.461703
127.050000	128.116899
127.600000	122.455268
128.150000	122.219527
128.700000	127.864667
129.250000	136.836318
129.800000	115.578937
130.350000	118.546058
130.900000	93.649074
131.450000	80.531296
132.000000	99.856949
132.550000	98.971395
133.100000	111.819714
133.650000	124.490151
134.200000	133.779603
134.750000	134.172129
135.300000	131.646886
135.850000	122.469341
136.400000	123.852438
136.950000	115.168370
137.500000	116.346666
138.050000	125.967169
138.600000	136.199854
139.150000	139.789298
139.700000	133.144887
140.250000	143.735269
140.800000	142.012515
141.350000	159.979994
141.900000	157.149072
142.450000	154.050383
143.000000	154.155601
143.550000	160.830554
144.100000	151.370197
144.650000	147.857202
145.200000	147.111621
145.750000	136.141667
146.300000	134.107936
146.850000	143.028075
147.400000	129.280705
147.950000	121.904661
148.500000	113.877568
149.050000	112.462052
149.600000	100.650617
150.150000	97.757952
150.700000	109.217074
151.250000	114.726359
151.800000	117.701078
152.350000	118.102420
152.900000	131.713185
153.450000	141.645482
154.000000	147.491562
154.550000	169.945873
155.100000	168.832344
155.650000	167.393257
156.200000	150.238149
156.750000	147.336995
157.300000	120.149361
157.850000	122.399438
158.400000	125.429217
158.950000	130.712028
159.500000	138.689208
160.050000	111.035395
160.600000	110.859158
161.150000	108.157111
161.700000	104.618093
162.250000	99.899706
162.800000	85.314648
163.350000	69.366358
163.900000	73.733198
164.450000	109.358150
165.000000	117.477982
165.550000	110.900747
166.100000	92.961926
166.650000	93.500248
167.200000	88.045738
167.750000	97.878674
168.300000	109.237946
168.850000	126.869330
169.400000	147.087728
169.950000	153.726382
170.500000	114.733630
171.050000	106.847602
171.600000	102.679145
172.150000	96.890925
172.700000	89.944052
173.250000	78.239836
173.800000	71.027819
174.350000	69.113980
174.900000	70.580278
175.450000	69.206974
176.000000	64.362866
176.550000	65.581848
177.100000	89.557459
177.650000	96.011087
178.200000	103.043530
178.750000	96.117183
179.300000	87.698010
179.850000	65.849656
180.400000	74.874768
180.950000	73.155519
181.500000	47.534295
182.050000	62.983528
182.600000	60.966104
183.150000	59.475715
183.700000	49.097747
184.250000	19.944616
184.800000	28.187006
185.350000	34.952158
185.900000	29.704166
186.450000	37.006403
187.000000	25.952500
187.550000	26.437204
188.100000	15.574778
188.650000	21.480383
189.200000	10.763770
189.750000	-8.267028
190.300000	5.121053
190.850000	19.321075
191.400000	8.623911
191.950000	17.086231
192.500000	32.898843
193.050000	40.144473
193.600000	32.575884
194.150000	30.121137
194.700000	23.332213
195.250000	12.396709
195.800000	7.884644
196.350000	2.815470
196.900000	16.114347
197.450000	25.865584
198.000000	30.839679
198.550000	35.566718
199.100000	36.534987
199.650000	34.796520
200.200000	33.319008
200.750000	37.357276
201.300000	
201.850000	
202.400000	48.828029
202.950000	50.393841
203.500000	42.513248
204.050000	27.686143
204.600000	19.994879
205.150000	16.397790
205.700000	14.819967
206.250000	13.815639
206.800000	13.672632
207.350000	16.157554
207.900000	6.806140
208.450000	18.324641
209.000000	23.169654
209.550000	36.551240
210.100000	49.340723
210.650000	53.216366
211.200000	45.182519
211.750000	50.184753
212.300000	47.086226
212.850000	42.013763
213.400000	33.967344
213.950000	
214.500000	
215.050000	26.388219
215.600000	14.758242
216.150000	20.172266
216.700000	21.847296
217.250000	28.559605
217.800000	28.309407
218.350000	31.810408
218.900000	33.613083
219.450000	36.754247
220.000000	32.099160
220.550000	31.265162
221.100000	31.498366
221.650000	34.028374
222.200000	37.547718
222.750000	43.325434
223.300000	47.355830
223.850000	49.009174
224.400000	43.062204
224.950000	40.531914
225.500000	39.858573
226.050000	36.047875
226.600000	39.439480
227.150000	40.489222
227.700000	33.330736
228.250000	49.414682
228.800000	50.188558
229.350000	56.273915
229.900000	51.960686
230.450000	42.596512
231.000000	36.632416
231.550000	31.906636
232.100000	46.003369
232.650000	52.872257
233.200000	52.152690
233.750000	50.655854
234.300000	45.900784
234.850000	37.650416
235.400000	42.870204
235.950000	39.468774
236.500000	39.341698
237.050000	22.780142
237.600000	33.339037
238.150000	35.745472
238.700000	42.951512
239.250000	38.945923
239.800000	31.891020
240.350000	31.101569
240.900000	29.776781
241.450000	25.914365
242.000000	22.395103
242.550000	19.201505
243.100000	4.056935
243.650000	6.507500
244.200000	7.283589
244.750000	11.850768
245.300000	18.470086
245.850000	20.365992
246.400000	22.595171
246.950000	26.883017
247.500000	29.126140
248.050000	7.887416
248.600000	16.677227
249.150000	13.451308
249.700000	11.411051
250.250000	24.505419
250.800000	28.716763
251.350000	19.245466
251.900000	-24.070775
252.450000	-9.478960
253.000000	17.051545
253.550000	
254.100000	
254.650000	
255.200000	
255.750000	
256.300000	
256.850000	
257.400000	
257.950000	
258.500000	
259.050000	
259.600000	
260.150000	
260.700000	
261.250000	
261.800000	
262.350000	
262.900000	
263.450000	
264.000000	
264.550000	
265.100000	
265.650000	
266.200000	
266.750000	
267.300000	
267.850000	
268.400000	
268.950000	
269.500000	
270.050000	
270.600000	
271.150000	
271.700000	
272.250000	
272.800000	
273.350000	
273.900000	68.593671
274.450000	
275.000000	
275.550000	
276.100000	77.889573
276.650000	79.196194
277.200000	
277.750000	
278.300000	
278.850000	
279.400000	90.219048
279.950000	
280.500000	74.479941
281.050000	70.125786
281.600000	67.948786
282.150000	58.172117
282.700000	48.238313
283.250000	49.016535
283.800000	49.080406
284.350000	-1.283165
284.900000	58.579669
285.450000	68.817742
286.000000	64.534715
286.550000	68.752454
287.100000	
287.650000	81.401021
288.200000	81.773030
288.750000	77.623527
289.300000	74.391122
289.850000	71.930733
290.400000	83.433640
290.950000	80.144481
291.500000	87.340105
292.050000	102.541585
292.600000	105.231391
293.150000	108.720153
293.700000	105.072214
294.250000	
294.800000	71.989060
295.350000	
295.900000	
296.450000	
297.000000	54.998465
297.550000	
298.100000	51.052757
298.650000	49.706723
299.200000	49.180396
299.750000	49.290988
300.300000	
300.850000	
301.400000	
301.950000	
302.500000	
303.050000	
303.600000	
304.150000	
304.700000	
305.250000	
305.800000	
306.350000	
306.900000	
307.450000	
308.000000	
308.550000	
309.100000	
309.650000	
310.200000	
310.750000	
311.300000	
311.850000	
312.400000	
312.950000	
313.500000	
314.050000	
314.600000	
315.150000	
315.700000	
316.250000	
316.800000	
317.350000	
317.900000	
318.450000	
319.000000	
319.550000	
320.100000	
320.650000	
321.200000	
321.750000	
322.300000	
322.850000	
323.400000	
323.950000	
324.500000	
325.050000	
325.600000	
326.150000	
326.700000	
327.250000	
327.800000	
328.350000	
328.900000	
329.450000	
330.000000	
330.550000	
331.100000	
331.650000	
332.200000	
332.750000	
333.300000	
333.850000	
334.400000	
334.950000	
335.500000	
336.050000	
336.600000	
337.150000	
337.700000	
338.250000	
338.800000	
339.350000	
339.900000	
340.450000	
341.000000	
341.550000	
342.100000	
342.650000	
343.200000	
343.750000	
344.300000	
344.850000	
345.400000	
345.950000	
346.500000	
347.050000	
347.600000	
348.150000	
348.700000	
349.250000	
349.800000	
350.350000	
350.900000	
351.450000	
352.000000	
352.550000	
353.100000	
353.650000	
354.200000	
354.750000	
355.300000	
355.850000	
356.400000	
356.950000	
357.500000	
358.050000	
358.600000	
359.150000	
359.700000	
360.250000	
360.800000	
361.350000	
361.900000	
362.450000	
363.000000	
363.550000	
364.100000	
364.650000	
365.200000	
365.750000	
366.300000	
366.850000	
367.400000	
367.950000	
368.500000	
369.050000	
369.600000	
370.150000	
370.700000	
371.250000	
371.800000	
372.350000	
372.900000	
373.450000	
374.000000	
374.550000	
375.100000	
375.650000	
376.200000	
376.750000	
377.300000	
377.850000	
378.400000	
378.950000	
379.500000	
380.050000	
380.600000	
381.150000	
381.700000	
382.250000	
382.800000	
383.350000	
383.900000	
384.450000	
385.000000	
385.550000	
386.100000	
386.650000	
387.200000	
387.750000	
388.300000	
388.850000	
389.400000	
389.950000	
390.500000	
391.050000	
391.600000	
392.150000	
392.700000	
393.250000	
393.800000	
394.350000	
394.900000	
395.450000	
396.000000	
396.550000	
397.100000	
397.650000	
398.200000	
398.750000	
399.300000	
399.850000	
400.400000	
400.950000	
