This file was generated using SpermQ_Evaluator, a java application by Jan Niklas Hansen (© 2017 - 2020) (for credits see: https://github.com/IIIImaging/SpermQ_Evaluator).
Date of processing:	2021-02-15	21:12:13

This file contains the kymograph results for the parameter Curv:
Results Minimum:
arc length	Rabbit delta 78 heterozygote019_SpQP_spq_210215_205359
0.000000	-0.145690
0.550000	-0.135446
1.100000	-0.139105
1.650000	-0.115061
2.200000	-0.124873
2.750000	-0.118691
3.300000	-0.111712
3.850000	-0.108061
4.400000	-0.099874
4.950000	-0.093221
5.500000	-0.090556
6.050000	-0.088889
6.600000	-0.089829
7.150000	-0.090686
7.700000	-0.088801
8.250000	-0.088083
8.800000	-0.091999
9.350000	-0.092346
9.900000	-0.089929
10.450000	-0.090163
11.000000	-0.091131
11.550000	-0.091451
12.100000	-0.091563
12.650000	-0.090259
13.200000	-0.091343
13.750000	-0.092220
14.300000	-0.093003
14.850000	-0.091593
15.400000	-0.094920
15.950000	-0.090296
16.500000	-0.091860
17.050000	-0.087943
17.600000	-0.086642
18.150000	-0.086441
18.700000	-0.087664
19.250000	-0.086343
19.800000	-0.083734
20.350000	-0.083903
20.900000	-0.083776
21.450000	-0.080360
22.000000	-0.084157
22.550000	-0.081719
23.100000	-0.081603
23.650000	-0.077911
24.200000	-0.078268
24.750000	-0.080120
25.300000	-0.078964
25.850000	-0.078970
26.400000	-0.080706
26.950000	-0.081806
27.500000	-0.078056
28.050000	-0.075872
28.600000	-0.075526
29.150000	-0.077002
29.700000	-0.081255
30.250000	-0.079925
30.800000	-0.076917
31.350000	-0.071012
31.900000	-0.070388
32.450000	-0.063365
33.000000	-0.061246
33.550000	-0.073708
34.100000	-0.067964
34.650000	-0.064543
35.200000	-0.071910
35.750000	-0.064801
36.300000	-0.057931
36.850000	-0.056217
37.400000	-0.062631
37.950000	-0.059930
38.500000	-0.058319
39.050000	-0.061276
39.600000	-0.062318
40.150000	-0.064317
40.700000	-0.054728
41.250000	-0.062165
41.800000	-0.062328
42.350000	-0.045920
42.900000	-0.040517
43.450000	-0.062958
44.000000	-0.060487
44.550000	-0.062484
45.100000	-0.059045
45.650000	-0.068068
46.200000	-0.071358
46.750000	-0.068646
47.300000	-0.070629
47.850000	-0.074164
48.400000	-0.075117
48.950000	-0.072302
49.500000	-0.063636
50.050000	-0.060145
50.600000	-0.060437
51.150000	-0.062750
51.700000	-0.063151
52.250000	-0.066568
52.800000	-0.070994
53.350000	-0.072476
53.900000	-0.071398
54.450000	-0.072910
55.000000	-0.073985
55.550000	-0.071049
56.100000	-0.067200
56.650000	-0.062033
57.200000	-0.060448
57.750000	-0.057179
58.300000	-0.056172
58.850000	-0.060100
59.400000	-0.066045
59.950000	-0.068774
60.500000	-0.069316
61.050000	-0.071127
61.600000	-0.069737
62.150000	-0.067720
62.700000	-0.066618
63.250000	-0.066449
63.800000	-0.067023
64.350000	-0.058392
64.900000	-0.048810
65.450000	-0.038749
66.000000	-0.031843
66.550000	-0.039767
67.100000	-0.040091
67.650000	-0.040424
68.200000	-0.041777
68.750000	-0.058038
69.300000	-0.057633
69.850000	-0.055741
70.400000	-0.059220
70.950000	-0.061490
71.500000	-0.073135
72.050000	-0.072968
72.600000	-0.074207
73.150000	-0.060923
73.700000	-0.068458
74.250000	-0.065401
74.800000	-0.062974
75.350000	-0.062516
75.900000	-0.067164
76.450000	-0.068057
77.000000	-0.062693
77.550000	-0.059754
78.100000	-0.063393
78.650000	-0.059360
79.200000	-0.050109
79.750000	-0.045571
80.300000	-0.043735
80.850000	-0.052031
81.400000	-0.053853
81.950000	-0.047069
82.500000	-0.047068
83.050000	-0.055428
83.600000	-0.052863
84.150000	-0.057977
84.700000	-0.055574
85.250000	-0.053458
85.800000	-0.050860
86.350000	-0.054862
86.900000	-0.058261
87.450000	-0.037072
88.000000	-0.061677
88.550000	-0.050833
89.100000	-0.053515
89.650000	-0.055943
90.200000	-0.056565
90.750000	-0.057135
91.300000	-0.050750
91.850000	-0.040579
92.400000	-0.037618
92.950000	-0.038756
93.500000	-0.031962
94.050000	-0.039588
94.600000	-0.042422
95.150000	-0.044340
95.700000	-0.055604
96.250000	-0.052513
96.800000	-0.052725
97.350000	-0.052435
97.900000	-0.044143
98.450000	-0.052381
99.000000	-0.050569
99.550000	-0.057752
100.100000	-0.059565
100.650000	-0.059163
101.200000	-0.045013
101.750000	-0.059755
102.300000	-0.061873
102.850000	-0.061062
103.400000	-0.065662
103.950000	-0.071451
104.500000	-0.076545
105.050000	-0.077808
105.600000	-0.075927
106.150000	-0.073181
106.700000	-0.068654
107.250000	-0.057575
107.800000	-0.057096
108.350000	-0.045544
108.900000	-0.047646
109.450000	-0.038759
110.000000	-0.036797
110.550000	-0.036262
111.100000	-0.037815
111.650000	-0.039455
112.200000	-0.037841
112.750000	-0.040005
113.300000	-0.045105
113.850000	-0.049462
114.400000	-0.056299
114.950000	-0.060269
115.500000	-0.058858
116.050000	-0.064597
116.600000	-0.071014
117.150000	-0.069833
117.700000	-0.065162
118.250000	-0.062261
118.800000	-0.056503
119.350000	-0.059016
119.900000	-0.061159
120.450000	-0.062520
121.000000	-0.061548
121.550000	-0.056928
122.100000	-0.056047
122.650000	-0.055623
123.200000	-0.059189
123.750000	-0.058723
124.300000	-0.059057
124.850000	-0.059203
125.400000	-0.056330
125.950000	-0.050838
126.500000	-0.045406
127.050000	-0.051469
127.600000	-0.051970
128.150000	-0.060383
128.700000	-0.061294
129.250000	-0.048390
129.800000	-0.051051
130.350000	-0.047091
130.900000	-0.044251
131.450000	-0.051369
132.000000	-0.037710
132.550000	-0.045554
133.100000	-0.050186
133.650000	-0.055383
134.200000	-0.061613
134.750000	-0.059426
135.300000	-0.059344
135.850000	-0.062306
136.400000	-0.062497
136.950000	-0.063301
137.500000	-0.065139
138.050000	-0.064509
138.600000	-0.063629
139.150000	-0.055186
139.700000	-0.051438
140.250000	-0.051011
140.800000	-0.049452
141.350000	-0.047423
141.900000	-0.051372
142.450000	-0.044643
143.000000	-0.043842
143.550000	-0.034050
144.100000	-0.044212
144.650000	-0.041781
145.200000	-0.039680
145.750000	-0.039534
146.300000	-0.038569
146.850000	-0.047386
147.400000	-0.046909
147.950000	-0.052698
148.500000	-0.045358
149.050000	-0.063257
149.600000	-0.068668
150.150000	-0.073208
150.700000	-0.070709
151.250000	-0.057789
151.800000	-0.053840
152.350000	-0.044950
152.900000	-0.039266
153.450000	-0.040406
154.000000	-0.048214
154.550000	-0.051800
155.100000	-0.056541
155.650000	-0.055049
156.200000	-0.058737
156.750000	-0.053413
157.300000	-0.045493
157.850000	-0.039341
158.400000	-0.035382
158.950000	-0.029634
159.500000	-0.047711
160.050000	-0.033238
160.600000	-0.032556
161.150000	-0.028795
161.700000	-0.029738
162.250000	-0.030970
162.800000	-0.031640
163.350000	-0.043999
163.900000	-0.046481
164.450000	-0.045898
165.000000	-0.056639
165.550000	-0.059356
166.100000	-0.059814
166.650000	-0.060428
167.200000	-0.064132
167.750000	-0.063445
168.300000	-0.059961
168.850000	-0.053230
169.400000	-0.052872
169.950000	-0.056611
170.500000	-0.056580
171.050000	-0.055985
171.600000	-0.054568
172.150000	-0.053194
172.700000	-0.050944
173.250000	-0.048676
173.800000	-0.041991
174.350000	-0.030211
174.900000	-0.023722
175.450000	-0.020309
176.000000	-0.015948
176.550000	-0.013026
177.100000	-0.009472
177.650000	-0.007733
178.200000	-0.007827
178.750000	-0.013125
179.300000	-0.026256
179.850000	-0.030483
180.400000	-0.029375
180.950000	-0.036925
181.500000	-0.038601
182.050000	-0.039376
182.600000	-0.042142
183.150000	-0.046265
183.700000	-0.029437
184.250000	-0.031893
184.800000	-0.030406
185.350000	-0.032746
185.900000	-0.039685
186.450000	-0.041610
187.000000	-0.047964
187.550000	-0.043429
188.100000	-0.047210
188.650000	-0.045097
189.200000	-0.039188
189.750000	-0.024782
190.300000	-0.016466
190.850000	-0.008456
191.400000	-0.005279
191.950000	0.005496
192.500000	-0.008485
193.050000	-0.002104
193.600000	-0.008431
194.150000	-0.012429
194.700000	-0.007116
195.250000	0.010489
195.800000	-0.009837
196.350000	-0.007666
196.900000	-0.010880
197.450000	-0.010575
198.000000	-0.011230
198.550000	-0.009717
199.100000	-0.004655
199.650000	-0.002308
200.200000	-0.001251
200.750000	-0.000324
201.300000	?
201.850000	?
202.400000	-0.023599
202.950000	-0.026792
203.500000	-0.029805
204.050000	-0.033060
204.600000	-0.037354
205.150000	-0.041099
205.700000	-0.041489
206.250000	-0.039483
206.800000	-0.035419
207.350000	-0.031800
207.900000	-0.026229
208.450000	-0.027124
209.000000	-0.025836
209.550000	-0.025415
210.100000	-0.028717
210.650000	-0.018690
211.200000	-0.016656
211.750000	-0.010325
212.300000	-0.004910
212.850000	0.004817
213.400000	0.001944
213.950000	?
214.500000	?
215.050000	-0.002252
215.600000	-0.001773
216.150000	-0.001779
216.700000	-0.004431
217.250000	-0.007967
217.800000	-0.010894
218.350000	-0.007826
218.900000	-0.000727
219.450000	0.004066
220.000000	0.006687
220.550000	0.005168
221.100000	0.002077
221.650000	-0.005787
222.200000	-0.010806
222.750000	-0.016203
223.300000	-0.019683
223.850000	-0.028281
224.400000	-0.034144
224.950000	-0.033989
225.500000	-0.028305
226.050000	-0.022926
226.600000	-0.019703
227.150000	-0.032340
227.700000	-0.024449
228.250000	-0.036231
228.800000	-0.040135
229.350000	-0.041228
229.900000	-0.039329
230.450000	-0.044472
231.000000	-0.042933
231.550000	-0.049045
232.100000	-0.049016
232.650000	-0.037455
233.200000	-0.048644
233.750000	-0.043943
234.300000	-0.034273
234.850000	-0.027075
235.400000	-0.024591
235.950000	-0.026244
236.500000	-0.026255
237.050000	-0.025730
237.600000	-0.021180
238.150000	-0.016128
238.700000	-0.010309
239.250000	-0.009487
239.800000	-0.010658
240.350000	-0.011168
240.900000	-0.011747
241.450000	-0.009014
242.000000	-0.007676
242.550000	-0.008031
243.100000	-0.005895
243.650000	0.001764
244.200000	-0.002693
244.750000	-0.002400
245.300000	-0.002037
245.850000	-0.001942
246.400000	-0.000379
246.950000	0.004341
247.500000	0.007082
248.050000	0.005953
248.600000	0.006506
249.150000	0.004190
249.700000	0.002022
250.250000	-0.000626
250.800000	-0.002728
251.350000	0.005988
251.900000	0.009583
252.450000	0.012761
253.000000	-0.010664
253.550000	?
254.100000	?
254.650000	?
255.200000	?
255.750000	?
256.300000	?
256.850000	?
257.400000	?
257.950000	?
258.500000	?
259.050000	?
259.600000	?
260.150000	?
260.700000	?
261.250000	?
261.800000	?
262.350000	?
262.900000	?
263.450000	?
264.000000	?
264.550000	?
265.100000	?
265.650000	?
266.200000	?
266.750000	?
267.300000	?
267.850000	?
268.400000	?
268.950000	?
269.500000	?
270.050000	?
270.600000	?
271.150000	?
271.700000	?
272.250000	?
272.800000	?
273.350000	?
273.900000	-0.043631
274.450000	?
275.000000	?
275.550000	?
276.100000	-0.047559
276.650000	-0.052796
277.200000	?
277.750000	?
278.300000	?
278.850000	?
279.400000	-0.035563
279.950000	?
280.500000	-0.028695
281.050000	-0.016104
281.600000	-0.012913
282.150000	-0.021731
282.700000	-0.026064
283.250000	-0.026830
283.800000	-0.026533
284.350000	-0.026809
284.900000	-0.036069
285.450000	-0.047120
286.000000	-0.053419
286.550000	-0.053011
287.100000	?
287.650000	-0.050422
288.200000	-0.046937
288.750000	-0.043589
289.300000	-0.034604
289.850000	-0.024053
290.400000	-0.030985
290.950000	-0.039619
291.500000	-0.044624
292.050000	-0.046312
292.600000	-0.043059
293.150000	-0.029161
293.700000	-0.037764
294.250000	?
294.800000	-0.031652
295.350000	?
295.900000	?
296.450000	?
297.000000	-0.024487
297.550000	?
298.100000	-0.030274
298.650000	-0.028816
299.200000	-0.023959
299.750000	-0.031412
300.300000	?
300.850000	?
301.400000	?
301.950000	?
302.500000	?
303.050000	?
303.600000	?
304.150000	?
304.700000	?
305.250000	?
305.800000	?
306.350000	?
306.900000	?
307.450000	?
308.000000	?
308.550000	?
309.100000	?
309.650000	?
310.200000	?
310.750000	?
311.300000	?
311.850000	?
312.400000	?
312.950000	?
313.500000	?
314.050000	?
314.600000	?
315.150000	?
315.700000	?
316.250000	?
316.800000	?
317.350000	?
317.900000	?
318.450000	?
319.000000	?
319.550000	?
320.100000	?
320.650000	?
321.200000	?
321.750000	?
322.300000	?
322.850000	?
323.400000	?
323.950000	?
324.500000	?
325.050000	?
325.600000	?
326.150000	?
326.700000	?
327.250000	?
327.800000	?
328.350000	?
328.900000	?
329.450000	?
330.000000	?
330.550000	?
331.100000	?
331.650000	?
332.200000	?
332.750000	?
333.300000	?
333.850000	?
334.400000	?
334.950000	?
335.500000	?
336.050000	?
336.600000	?
337.150000	?
337.700000	?
338.250000	?
338.800000	?
339.350000	?
339.900000	?
340.450000	?
341.000000	?
341.550000	?
342.100000	?
342.650000	?
343.200000	?
343.750000	?
344.300000	?
344.850000	?
345.400000	?
345.950000	?
346.500000	?
347.050000	?
347.600000	?
348.150000	?
348.700000	?
349.250000	?
349.800000	?
350.350000	?
350.900000	?
351.450000	?
352.000000	?
352.550000	?
353.100000	?
353.650000	?
354.200000	?
354.750000	?
355.300000	?
355.850000	?
356.400000	?
356.950000	?
357.500000	?
358.050000	?
358.600000	?
359.150000	?
359.700000	?
360.250000	?
360.800000	?
361.350000	?
361.900000	?
362.450000	?
363.000000	?
363.550000	?
364.100000	?
364.650000	?
365.200000	?
365.750000	?
366.300000	?
366.850000	?
367.400000	?
367.950000	?
368.500000	?
369.050000	?
369.600000	?
370.150000	?
370.700000	?
371.250000	?
371.800000	?
372.350000	?
372.900000	?
373.450000	?
374.000000	?
374.550000	?
375.100000	?
375.650000	?
376.200000	?
376.750000	?
377.300000	?
377.850000	?
378.400000	?
378.950000	?
379.500000	?
380.050000	?
380.600000	?
381.150000	?
381.700000	?
382.250000	?
382.800000	?
383.350000	?
383.900000	?
384.450000	?
385.000000	?
385.550000	?
386.100000	?
386.650000	?
387.200000	?
387.750000	?
388.300000	?
388.850000	?
389.400000	?
389.950000	?
390.500000	?
391.050000	?
391.600000	?
392.150000	?
392.700000	?
393.250000	?
393.800000	?
394.350000	?
394.900000	?
395.450000	?
396.000000	?
396.550000	?
397.100000	?
397.650000	?
398.200000	?
398.750000	?
399.300000	?
399.850000	?
400.400000	?
400.950000	?
