This file was generated using SpermQ_Evaluator, a java application by Jan Niklas Hansen (© 2017 - 2020) (for credits see: https://github.com/IIIImaging/SpermQ_Evaluator).
Date of processing:	2021-02-15	21:12:13

This file contains the kymograph results for the parameter Curv:
Results Amplitude:
arc length	Rabbit delta 78 heterozygote019_SpQP_spq_210215_205359
0.000000	0.315464
0.550000	0.298142
1.100000	0.289611
1.650000	0.255128
2.200000	0.260367
2.750000	0.241820
3.300000	0.225047
3.850000	0.215018
4.400000	0.201109
4.950000	0.190451
5.500000	0.185904
6.050000	0.184097
6.600000	0.178592
7.150000	0.176100
7.700000	0.178750
8.250000	0.175378
8.800000	0.172303
9.350000	0.171809
9.900000	0.171616
10.450000	0.179730
11.000000	0.176644
11.550000	0.178748
12.100000	0.174853
12.650000	0.173158
13.200000	0.177948
13.750000	0.170463
14.300000	0.173971
14.850000	0.174862
15.400000	0.175393
15.950000	0.175024
16.500000	0.178404
17.050000	0.174939
17.600000	0.168609
18.150000	0.169462
18.700000	0.171466
19.250000	0.169767
19.800000	0.170484
20.350000	0.164736
20.900000	0.167554
21.450000	0.160483
22.000000	0.160439
22.550000	0.159063
23.100000	0.162197
23.650000	0.157467
24.200000	0.157694
24.750000	0.158563
25.300000	0.154969
25.850000	0.158496
26.400000	0.154423
26.950000	0.154416
27.500000	0.150462
28.050000	0.148626
28.600000	0.141614
29.150000	0.143122
29.700000	0.149842
30.250000	0.145600
30.800000	0.149648
31.350000	0.145895
31.900000	0.147127
32.450000	0.140865
33.000000	0.139492
33.550000	0.159373
34.100000	0.151003
34.650000	0.145208
35.200000	0.148319
35.750000	0.138909
36.300000	0.119564
36.850000	0.121704
37.400000	0.127092
37.950000	0.117145
38.500000	0.119990
39.050000	0.127594
39.600000	0.129874
40.150000	0.133537
40.700000	0.117955
41.250000	0.127259
41.800000	0.127736
42.350000	0.111501
42.900000	0.109970
43.450000	0.134101
44.000000	0.132043
44.550000	0.132860
45.100000	0.125318
45.650000	0.133787
46.200000	0.136260
46.750000	0.140683
47.300000	0.144485
47.850000	0.151425
48.400000	0.150811
48.950000	0.148481
49.500000	0.141566
50.050000	0.139075
50.600000	0.134542
51.150000	0.129572
51.700000	0.124510
52.250000	0.132389
52.800000	0.140800
53.350000	0.143197
53.900000	0.141462
54.450000	0.136594
55.000000	0.128016
55.550000	0.127410
56.100000	0.132988
56.650000	0.129386
57.200000	0.119508
57.750000	0.115170
58.300000	0.118222
58.850000	0.126192
59.400000	0.135948
59.950000	0.143174
60.500000	0.139714
61.050000	0.141771
61.600000	0.137958
62.150000	0.139173
62.700000	0.134570
63.250000	0.135991
63.800000	0.142236
64.350000	0.122371
64.900000	0.120159
65.450000	0.108886
66.000000	0.098389
66.550000	0.106624
67.100000	0.106426
67.650000	0.106199
68.200000	0.105066
68.750000	0.120449
69.300000	0.118829
69.850000	0.118317
70.400000	0.117711
70.950000	0.124098
71.500000	0.135733
72.050000	0.135630
72.600000	0.138905
73.150000	0.128454
73.700000	0.140124
74.250000	0.138607
74.800000	0.121283
75.350000	0.128044
75.900000	0.131368
76.450000	0.134592
77.000000	0.129943
77.550000	0.121847
78.100000	0.128880
78.650000	0.125399
79.200000	0.117761
79.750000	0.110075
80.300000	0.108641
80.850000	0.112954
81.400000	0.114776
81.950000	0.111608
82.500000	0.112889
83.050000	0.117629
83.600000	0.110748
84.150000	0.112764
84.700000	0.116918
85.250000	0.114611
85.800000	0.106590
86.350000	0.102037
86.900000	0.108149
87.450000	0.089866
88.000000	0.114448
88.550000	0.111895
89.100000	0.111960
89.650000	0.107896
90.200000	0.105564
90.750000	0.104728
91.300000	0.102720
91.850000	0.088780
92.400000	0.080594
92.950000	0.086226
93.500000	0.077475
94.050000	0.089280
94.600000	0.090625
95.150000	0.096632
95.700000	0.109348
96.250000	0.108551
96.800000	0.118658
97.350000	0.119743
97.900000	0.114885
98.450000	0.115673
99.000000	0.121241
99.550000	0.125057
100.100000	0.124448
100.650000	0.120057
101.200000	0.106877
101.750000	0.115883
102.300000	0.119458
102.850000	0.117953
103.400000	0.119541
103.950000	0.122989
104.500000	0.128342
105.050000	0.133243
105.600000	0.137091
106.150000	0.120231
106.700000	0.118708
107.250000	0.110538
107.800000	0.117241
108.350000	0.102660
108.900000	0.112446
109.450000	0.102539
110.000000	0.100606
110.550000	0.093889
111.100000	0.085944
111.650000	0.076704
112.200000	0.078231
112.750000	0.089574
113.300000	0.096856
113.850000	0.109770
114.400000	0.116693
114.950000	0.115958
115.500000	0.112442
116.050000	0.116332
116.600000	0.125458
117.150000	0.129362
117.700000	0.130529
118.250000	0.100660
118.800000	0.108135
119.350000	0.111964
119.900000	0.101527
120.450000	0.105268
121.000000	0.106630
121.550000	0.104021
122.100000	0.102387
122.650000	0.096923
123.200000	0.102456
123.750000	0.104298
124.300000	0.111219
124.850000	0.107390
125.400000	0.101305
125.950000	0.085573
126.500000	0.069672
127.050000	0.083258
127.600000	0.081168
128.150000	0.099590
128.700000	0.108479
129.250000	0.104673
129.800000	0.106446
130.350000	0.101288
130.900000	0.094584
131.450000	0.104361
132.000000	0.089804
132.550000	0.096716
133.100000	0.103546
133.650000	0.111357
134.200000	0.119582
134.750000	0.111764
135.300000	0.112194
135.850000	0.125411
136.400000	0.141416
136.950000	0.122409
137.500000	0.126290
138.050000	0.135245
138.600000	0.127363
139.150000	0.098228
139.700000	0.108798
140.250000	0.109862
140.800000	0.109035
141.350000	0.107440
141.900000	0.111712
142.450000	0.100245
143.000000	0.095951
143.550000	0.086250
144.100000	0.090549
144.650000	0.082238
145.200000	0.082488
145.750000	0.090696
146.300000	0.092465
146.850000	0.098141
147.400000	0.097549
147.950000	0.103824
148.500000	0.100776
149.050000	0.125939
149.600000	0.133347
150.150000	0.135198
150.700000	0.135011
151.250000	0.127344
151.800000	0.116266
152.350000	0.108114
152.900000	0.108557
153.450000	0.102607
154.000000	0.106796
154.550000	0.105055
155.100000	0.108273
155.650000	0.101073
156.200000	0.102294
156.750000	0.094790
157.300000	0.086504
157.850000	0.085837
158.400000	0.090215
158.950000	0.086860
159.500000	0.105459
160.050000	0.093080
160.600000	0.091276
161.150000	0.084768
161.700000	0.082553
162.250000	0.084337
162.800000	0.083914
163.350000	0.098716
163.900000	0.095233
164.450000	0.111099
165.000000	0.121168
165.550000	0.121772
166.100000	0.124280
166.650000	0.126157
167.200000	0.126657
167.750000	0.105833
168.300000	0.103699
168.850000	0.096780
169.400000	0.093250
169.950000	0.083112
170.500000	0.055496
171.050000	0.053376
171.600000	0.072758
172.150000	0.072577
172.700000	0.059524
173.250000	0.063561
173.800000	0.079171
174.350000	0.050354
174.900000	0.056339
175.450000	0.059770
176.000000	0.057997
176.550000	0.055727
177.100000	0.051498
177.650000	0.050960
178.200000	0.051271
178.750000	0.053051
179.300000	0.065769
179.850000	0.080572
180.400000	0.085100
180.950000	0.094165
181.500000	0.097891
182.050000	0.096304
182.600000	0.094290
183.150000	0.086392
183.700000	0.062031
184.250000	0.007880
184.800000	0.007826
185.350000	0.014268
185.900000	0.014329
186.450000	0.026926
187.000000	0.031277
187.550000	0.026691
188.100000	0.034748
188.650000	0.026135
189.200000	0.025850
189.750000	0.012300
190.300000	0.012138
190.850000	0.006372
191.400000	0.009780
191.950000	0.005385
192.500000	0.022853
193.050000	0.020338
193.600000	0.027383
194.150000	0.031794
194.700000	0.027495
195.250000	0.011839
195.800000	0.031073
196.350000	0.032268
196.900000	0.039996
197.450000	0.041436
198.000000	0.039624
198.550000	0.021463
199.100000	0.016165
199.650000	0.014642
200.200000	0.009832
200.750000	0.010025
201.300000	
201.850000	
202.400000	0.014140
202.950000	0.014822
203.500000	0.016651
204.050000	0.022404
204.600000	0.030974
205.150000	0.037633
205.700000	0.041096
206.250000	0.041133
206.800000	0.039482
207.350000	0.037491
207.900000	0.027199
208.450000	0.023797
209.000000	0.016361
209.550000	0.015137
210.100000	0.020525
210.650000	0.011505
211.200000	0.016858
211.750000	0.019644
212.300000	0.023013
212.850000	0.017469
213.400000	0.024595
213.950000	
214.500000	
215.050000	0.021141
215.600000	0.021406
216.150000	0.024431
216.700000	0.028831
217.250000	0.030761
217.800000	0.037760
218.350000	0.041044
218.900000	0.039615
219.450000	0.035636
220.000000	0.031006
220.550000	0.031223
221.100000	0.029263
221.650000	0.030036
222.200000	0.033106
222.750000	0.038183
223.300000	0.040437
223.850000	0.040327
224.400000	0.045102
224.950000	0.037435
225.500000	0.031116
226.050000	0.025029
226.600000	0.027284
227.150000	0.039734
227.700000	0.030655
228.250000	0.033684
228.800000	0.037859
229.350000	0.037752
229.900000	0.033281
230.450000	0.034388
231.000000	0.030192
231.550000	0.034286
232.100000	0.034905
232.650000	0.022255
233.200000	0.035045
233.750000	0.034969
234.300000	0.030236
234.850000	0.026269
235.400000	0.024765
235.950000	0.025092
236.500000	0.020470
237.050000	0.016802
237.600000	0.014228
238.150000	0.008639
238.700000	0.005082
239.250000	0.006770
239.800000	0.010659
240.350000	0.014294
240.900000	0.015563
241.450000	0.016884
242.000000	0.022321
242.550000	0.026250
243.100000	0.023741
243.650000	0.016615
244.200000	0.021426
244.750000	0.022783
245.300000	0.025279
245.850000	0.026069
246.400000	0.025295
246.950000	0.020552
247.500000	0.017861
248.050000	0.017361
248.600000	0.015483
249.150000	0.009807
249.700000	0.005894
250.250000	0.009149
250.800000	0.009562
251.350000	0.001426
251.900000	-0.027570
252.450000	-0.037688
253.000000	0.014382
253.550000	
254.100000	
254.650000	
255.200000	
255.750000	
256.300000	
256.850000	
257.400000	
257.950000	
258.500000	
259.050000	
259.600000	
260.150000	
260.700000	
261.250000	
261.800000	
262.350000	
262.900000	
263.450000	
264.000000	
264.550000	
265.100000	
265.650000	
266.200000	
266.750000	
267.300000	
267.850000	
268.400000	
268.950000	
269.500000	
270.050000	
270.600000	
271.150000	
271.700000	
272.250000	
272.800000	
273.350000	
273.900000	0.068226
274.450000	
275.000000	
275.550000	
276.100000	0.056415
276.650000	0.055057
277.200000	
277.750000	
278.300000	
278.850000	
279.400000	0.021004
279.950000	
280.500000	0.057809
281.050000	0.052945
281.600000	0.058451
282.150000	0.064971
282.700000	0.067747
283.250000	0.067356
283.800000	0.051292
284.350000	0.058850
284.900000	0.061228
285.450000	0.067972
286.000000	0.066719
286.550000	0.067873
287.100000	
287.650000	0.087540
288.200000	0.089069
288.750000	0.086572
289.300000	0.074118
289.850000	0.062055
290.400000	0.067608
290.950000	0.065974
291.500000	0.053810
292.050000	0.045402
292.600000	0.046195
293.150000	0.031946
293.700000	0.041620
294.250000	
294.800000	0.041180
295.350000	
295.900000	
296.450000	
297.000000	0.045681
297.550000	
298.100000	0.058190
298.650000	0.061687
299.200000	0.059286
299.750000	0.065560
300.300000	
300.850000	
301.400000	
301.950000	
302.500000	
303.050000	
303.600000	
304.150000	
304.700000	
305.250000	
305.800000	
306.350000	
306.900000	
307.450000	
308.000000	
308.550000	
309.100000	
309.650000	
310.200000	
310.750000	
311.300000	
311.850000	
312.400000	
312.950000	
313.500000	
314.050000	
314.600000	
315.150000	
315.700000	
316.250000	
316.800000	
317.350000	
317.900000	
318.450000	
319.000000	
319.550000	
320.100000	
320.650000	
321.200000	
321.750000	
322.300000	
322.850000	
323.400000	
323.950000	
324.500000	
325.050000	
325.600000	
326.150000	
326.700000	
327.250000	
327.800000	
328.350000	
328.900000	
329.450000	
330.000000	
330.550000	
331.100000	
331.650000	
332.200000	
332.750000	
333.300000	
333.850000	
334.400000	
334.950000	
335.500000	
336.050000	
336.600000	
337.150000	
337.700000	
338.250000	
338.800000	
339.350000	
339.900000	
340.450000	
341.000000	
341.550000	
342.100000	
342.650000	
343.200000	
343.750000	
344.300000	
344.850000	
345.400000	
345.950000	
346.500000	
347.050000	
347.600000	
348.150000	
348.700000	
349.250000	
349.800000	
350.350000	
350.900000	
351.450000	
352.000000	
352.550000	
353.100000	
353.650000	
354.200000	
354.750000	
355.300000	
355.850000	
356.400000	
356.950000	
357.500000	
358.050000	
358.600000	
359.150000	
359.700000	
360.250000	
360.800000	
361.350000	
361.900000	
362.450000	
363.000000	
363.550000	
364.100000	
364.650000	
365.200000	
365.750000	
366.300000	
366.850000	
367.400000	
367.950000	
368.500000	
369.050000	
369.600000	
370.150000	
370.700000	
371.250000	
371.800000	
372.350000	
372.900000	
373.450000	
374.000000	
374.550000	
375.100000	
375.650000	
376.200000	
376.750000	
377.300000	
377.850000	
378.400000	
378.950000	
379.500000	
380.050000	
380.600000	
381.150000	
381.700000	
382.250000	
382.800000	
383.350000	
383.900000	
384.450000	
385.000000	
385.550000	
386.100000	
386.650000	
387.200000	
387.750000	
388.300000	
388.850000	
389.400000	
389.950000	
390.500000	
391.050000	
391.600000	
392.150000	
392.700000	
393.250000	
393.800000	
394.350000	
394.900000	
395.450000	
396.000000	
396.550000	
397.100000	
397.650000	
398.200000	
398.750000	
399.300000	
399.850000	
400.400000	
400.950000	
