This file was generated using SpermQ_Evaluator, a java application by Jan Niklas Hansen (© 2017 - 2020) (for credits see: https://github.com/IIIImaging/SpermQ_Evaluator).
Date of processing:	2021-02-15	21:12:13

This file contains the kymograph results for the parameter Y:
Results Maximum:
arc length	Rabbit delta 78 heterozygote019_SpQP_spq_210215_205359
0.000000	0.086111
0.550000	0.501614
1.100000	0.937902
1.650000	1.386389
2.200000	1.748516
2.750000	2.114974
3.300000	2.354874
3.850000	2.494907
4.400000	2.430778
4.950000	2.420228
5.500000	2.343811
6.050000	1.990115
6.600000	1.777471
7.150000	1.883468
7.700000	1.611582
8.250000	1.566844
8.800000	1.734052
9.350000	2.115477
9.900000	2.684130
10.450000	3.077044
11.000000	3.576115
11.550000	4.121150
12.100000	4.549276
12.650000	5.005539
13.200000	5.507050
13.750000	6.018952
14.300000	6.542497
14.850000	6.962035
15.400000	7.364257
15.950000	7.806568
16.500000	8.062705
17.050000	8.406242
17.600000	8.844181
18.150000	9.171737
18.700000	9.644813
19.250000	10.161804
19.800000	10.355999
20.350000	10.528729
20.900000	11.148015
21.450000	11.691046
22.000000	12.185244
22.550000	11.180753
23.100000	11.771410
23.650000	12.242437
24.200000	12.592710
24.750000	13.384634
25.300000	13.826442
25.850000	13.724618
26.400000	14.950615
26.950000	15.382798
27.500000	14.678206
28.050000	16.123357
28.600000	16.652752
29.150000	16.525785
29.700000	17.516607
30.250000	17.798766
30.800000	17.037534
31.350000	18.115375
31.900000	18.589327
32.450000	18.642728
33.000000	18.819342
33.550000	18.561888
34.100000	19.119284
34.650000	19.220099
35.200000	19.754769
35.750000	19.892652
36.300000	20.243096
36.850000	20.579138
37.400000	20.882808
37.950000	21.558109
38.500000	22.150360
39.050000	22.628221
39.600000	23.090224
40.150000	23.527598
40.700000	24.116845
41.250000	24.358561
41.800000	23.366212
42.350000	25.410952
42.900000	25.769690
43.450000	26.058016
44.000000	26.433475
44.550000	26.842838
45.100000	27.195541
45.650000	25.806623
46.200000	27.914434
46.750000	28.304379
47.300000	28.586470
47.850000	26.644342
48.400000	29.490863
48.950000	28.590559
49.500000	28.810372
50.050000	31.371095
50.600000	30.419820
51.150000	29.865015
51.700000	33.021001
52.250000	33.557637
52.800000	34.025606
53.350000	34.511606
53.900000	35.024748
54.450000	35.479578
55.000000	36.013294
55.550000	36.512255
56.100000	36.921053
56.650000	37.750971
57.200000	38.216307
57.750000	38.802745
58.300000	39.310928
58.850000	39.756058
59.400000	40.112752
59.950000	39.929660
60.500000	39.672882
61.050000	39.565172
61.600000	38.134939
62.150000	38.978060
62.700000	38.864888
63.250000	38.988715
63.800000	39.325454
64.350000	39.666469
64.900000	40.066882
65.450000	40.467215
66.000000	40.763563
66.550000	41.083861
67.100000	41.393275
67.650000	41.651996
68.200000	41.992699
68.750000	42.411117
69.300000	42.920003
69.850000	43.430115
70.400000	43.271553
70.950000	43.426470
71.500000	43.837927
72.050000	44.269872
72.600000	44.666900
73.150000	45.059530
73.700000	45.534086
74.250000	45.992754
74.800000	46.414974
75.350000	46.943952
75.900000	47.467690
76.450000	48.014466
77.000000	48.593128
77.550000	49.022581
78.100000	49.599113
78.650000	50.095084
79.200000	50.571311
79.750000	50.681190
80.300000	50.482214
80.850000	50.184612
81.400000	50.017785
81.950000	49.997451
82.500000	50.092591
83.050000	50.093024
83.600000	50.863479
84.150000	50.759178
84.700000	51.733023
85.250000	52.122221
85.800000	52.826905
86.350000	53.119840
86.900000	53.500722
87.450000	53.837676
88.000000	54.229490
88.550000	54.453055
89.100000	54.659555
89.650000	54.788318
90.200000	54.901051
90.750000	54.992199
91.300000	55.058532
91.850000	55.097738
92.400000	55.282978
92.950000	55.136490
93.500000	55.711849
94.050000	55.877629
94.600000	55.997641
95.150000	56.064696
95.700000	56.140194
96.250000	56.557237
96.800000	56.917066
97.350000	57.225723
97.900000	56.992111
98.450000	57.542628
99.000000	57.959777
99.550000	58.422857
100.100000	58.938659
100.650000	59.383954
101.200000	59.721394
101.750000	61.087804
102.300000	61.790331
102.850000	62.273325
103.400000	62.825815
103.950000	63.302161
104.500000	62.954786
105.050000	64.363515
105.600000	64.753422
106.150000	65.493119
106.700000	66.095012
107.250000	66.570836
107.800000	64.928827
108.350000	67.552124
108.900000	68.031297
109.450000	65.896363
110.000000	51.547878
110.550000	66.595624
111.100000	66.924097
111.650000	67.241668
112.200000	67.528706
112.750000	67.808651
113.300000	68.145657
113.850000	71.681171
114.400000	69.008365
114.950000	69.657917
115.500000	70.007183
116.050000	70.329297
116.600000	70.571667
117.150000	71.230270
117.700000	71.553666
118.250000	72.532677
118.800000	72.665112
119.350000	72.782378
119.900000	72.921054
120.450000	73.083834
121.000000	73.265428
121.550000	73.533035
122.100000	73.746436
122.650000	73.996270
123.200000	74.232120
123.750000	74.463713
124.300000	67.075292
124.850000	75.227232
125.400000	75.415056
125.950000	75.217870
126.500000	75.005879
127.050000	76.409755
127.600000	76.809511
128.150000	77.158780
128.700000	74.976125
129.250000	69.633993
129.800000	78.724051
130.350000	79.212016
130.900000	79.703504
131.450000	80.197458
132.000000	80.790963
132.550000	81.312539
133.100000	81.835218
133.650000	82.374126
134.200000	82.830858
134.750000	83.480197
135.300000	83.976701
135.850000	84.626695
136.400000	85.110837
136.950000	85.676765
137.500000	86.275031
138.050000	86.805137
138.600000	87.256937
139.150000	71.754973
139.700000	88.412051
140.250000	70.083562
140.800000	89.529192
141.350000	89.989906
141.900000	90.620932
142.450000	91.068218
143.000000	91.440340
143.550000	92.105222
144.100000	92.679536
144.650000	93.279488
145.200000	71.872255
145.750000	94.344332
146.300000	94.558951
146.850000	94.804542
147.400000	76.407170
147.950000	95.495923
148.500000	95.700769
149.050000	95.979231
149.600000	96.303800
150.150000	96.633895
150.700000	96.981566
151.250000	97.327493
151.800000	44.290941
152.350000	98.090874
152.900000	98.538228
153.450000	98.887861
154.000000	98.492097
154.550000	98.129884
155.100000	97.774948
155.650000	97.238839
156.200000	96.850587
156.750000	96.373495
157.300000	75.686041
157.850000	95.708424
158.400000	95.409404
158.950000	95.127500
159.500000	94.889659
160.050000	60.722835
160.600000	69.657670
161.150000	69.359611
161.700000	69.013763
162.250000	68.779087
162.800000	68.701243
163.350000	68.743008
163.900000	68.819156
164.450000	69.090151
165.000000	69.387179
165.550000	69.711435
166.100000	70.030612
166.650000	70.277280
167.200000	70.401359
167.750000	59.195941
168.300000	70.803535
168.850000	70.830093
169.400000	70.821284
169.950000	70.826083
170.500000	53.648456
171.050000	53.523266
171.600000	57.868973
172.150000	57.426684
172.700000	45.853708
173.250000	53.025407
173.800000	55.969770
174.350000	52.809848
174.900000	52.647098
175.450000	52.694146
176.000000	52.889164
176.550000	52.981519
177.100000	53.942578
177.650000	53.838254
178.200000	53.705960
178.750000	53.920179
179.300000	54.189792
179.850000	54.405304
180.400000	53.825009
180.950000	54.803868
181.500000	55.109797
182.050000	55.309219
182.600000	55.546167
183.150000	55.848058
183.700000	53.074741
184.250000	52.908743
184.800000	52.706061
185.350000	52.593855
185.900000	52.475966
186.450000	52.352969
187.000000	52.253059
187.550000	52.174766
188.100000	52.089494
188.650000	52.009065
189.200000	51.953417
189.750000	52.075019
190.300000	52.104481
190.850000	52.067794
191.400000	52.006456
191.950000	51.690570
192.500000	51.588668
193.050000	51.257999
193.600000	51.055000
194.150000	50.607706
194.700000	50.407493
195.250000	50.220449
195.800000	49.995472
196.350000	49.838880
196.900000	49.722720
197.450000	49.498940
198.000000	49.401337
198.550000	-9.827274
199.100000	-9.999547
199.650000	-10.070977
200.200000	-21.393268
200.750000	-21.911907
201.300000	
201.850000	
202.400000	47.562352
202.950000	47.362919
203.500000	47.103624
204.050000	46.785405
204.600000	46.529706
205.150000	46.406844
205.700000	46.083033
206.250000	45.878473
206.800000	45.676698
207.350000	45.444717
207.900000	-10.289593
208.450000	45.128731
209.000000	44.965451
209.550000	44.728168
210.100000	44.466273
210.650000	44.134540
211.200000	43.756920
211.750000	43.378175
212.300000	42.943010
212.850000	42.514180
213.400000	42.070665
213.950000	
214.500000	
215.050000	40.501339
215.600000	40.025517
216.150000	39.481511
216.700000	38.954341
217.250000	38.370047
217.800000	37.848981
218.350000	37.371888
218.900000	36.766682
219.450000	36.206057
220.000000	35.691243
220.550000	35.189100
221.100000	34.634749
221.650000	34.168598
222.200000	33.619368
222.750000	33.108496
223.300000	32.600658
223.850000	31.985834
224.400000	31.482159
224.950000	30.770673
225.500000	30.341537
226.050000	29.838527
226.600000	29.393800
227.150000	28.850763
227.700000	-13.903441
228.250000	27.757447
228.800000	27.214654
229.350000	26.776554
229.900000	4.789452
230.450000	25.930315
231.000000	25.542876
231.550000	25.253183
232.100000	24.915851
232.650000	24.550031
233.200000	24.220955
233.750000	23.887229
234.300000	23.619311
234.850000	23.325176
235.400000	23.063326
235.950000	22.829408
236.500000	22.608933
237.050000	22.372084
237.600000	22.090032
238.150000	21.847940
238.700000	21.614740
239.250000	21.379278
239.800000	21.126637
240.350000	20.865042
240.900000	20.654407
241.450000	20.423890
242.000000	20.204358
242.550000	19.977368
243.100000	-13.547051
243.650000	19.536840
244.200000	19.225712
244.750000	19.027531
245.300000	18.727205
245.850000	7.926247
246.400000	18.159782
246.950000	17.831885
247.500000	17.579302
248.050000	17.270895
248.600000	16.962662
249.150000	16.691146
249.700000	16.337052
250.250000	16.081535
250.800000	15.812360
251.350000	-17.484216
251.900000	-26.208976
252.450000	-26.683805
253.000000	14.777731
253.550000	
254.100000	
254.650000	
255.200000	
255.750000	
256.300000	
256.850000	
257.400000	
257.950000	
258.500000	
259.050000	
259.600000	
260.150000	
260.700000	
261.250000	
261.800000	
262.350000	
262.900000	
263.450000	
264.000000	
264.550000	
265.100000	
265.650000	
266.200000	
266.750000	
267.300000	
267.850000	
268.400000	
268.950000	
269.500000	
270.050000	
270.600000	
271.150000	
271.700000	
272.250000	
272.800000	
273.350000	
273.900000	40.019971
274.450000	
275.000000	
275.550000	
276.100000	38.301814
276.650000	37.768954
277.200000	
277.750000	
278.300000	
278.850000	
279.400000	35.176682
279.950000	
280.500000	34.223312
281.050000	33.335200
281.600000	33.083448
282.150000	32.364779
282.700000	31.859748
283.250000	31.538285
283.800000	30.795885
284.350000	30.276740
284.900000	29.744354
285.450000	29.257315
286.000000	28.853759
286.550000	28.397265
287.100000	
287.650000	27.698928
288.200000	27.333935
288.750000	26.962386
289.300000	26.480311
289.850000	26.043077
290.400000	25.567210
290.950000	25.060769
291.500000	24.702215
292.050000	24.187772
292.600000	23.706744
293.150000	7.242263
293.700000	22.845394
294.250000	
294.800000	22.152407
295.350000	
295.900000	
296.450000	
297.000000	21.649005
297.550000	
298.100000	22.047430
298.650000	22.193748
299.200000	22.350742
299.750000	22.429813
300.300000	
300.850000	
301.400000	
301.950000	
302.500000	
303.050000	
303.600000	
304.150000	
304.700000	
305.250000	
305.800000	
306.350000	
306.900000	
307.450000	
308.000000	
308.550000	
309.100000	
309.650000	
310.200000	
310.750000	
311.300000	
311.850000	
312.400000	
312.950000	
313.500000	
314.050000	
314.600000	
315.150000	
315.700000	
316.250000	
316.800000	
317.350000	
317.900000	
318.450000	
319.000000	
319.550000	
320.100000	
320.650000	
321.200000	
321.750000	
322.300000	
322.850000	
323.400000	
323.950000	
324.500000	
325.050000	
325.600000	
326.150000	
326.700000	
327.250000	
327.800000	
328.350000	
328.900000	
329.450000	
330.000000	
330.550000	
331.100000	
331.650000	
332.200000	
332.750000	
333.300000	
333.850000	
334.400000	
334.950000	
335.500000	
336.050000	
336.600000	
337.150000	
337.700000	
338.250000	
338.800000	
339.350000	
339.900000	
340.450000	
341.000000	
341.550000	
342.100000	
342.650000	
343.200000	
343.750000	
344.300000	
344.850000	
345.400000	
345.950000	
346.500000	
347.050000	
347.600000	
348.150000	
348.700000	
349.250000	
349.800000	
350.350000	
350.900000	
351.450000	
352.000000	
352.550000	
353.100000	
353.650000	
354.200000	
354.750000	
355.300000	
355.850000	
356.400000	
356.950000	
357.500000	
358.050000	
358.600000	
359.150000	
359.700000	
360.250000	
360.800000	
361.350000	
361.900000	
362.450000	
363.000000	
363.550000	
364.100000	
364.650000	
365.200000	
365.750000	
366.300000	
366.850000	
367.400000	
367.950000	
368.500000	
369.050000	
369.600000	
370.150000	
370.700000	
371.250000	
371.800000	
372.350000	
372.900000	
373.450000	
374.000000	
374.550000	
375.100000	
375.650000	
376.200000	
376.750000	
377.300000	
377.850000	
378.400000	
378.950000	
379.500000	
380.050000	
380.600000	
381.150000	
381.700000	
382.250000	
382.800000	
383.350000	
383.900000	
384.450000	
385.000000	
385.550000	
386.100000	
386.650000	
387.200000	
387.750000	
388.300000	
388.850000	
389.400000	
389.950000	
390.500000	
391.050000	
391.600000	
392.150000	
392.700000	
393.250000	
393.800000	
394.350000	
394.900000	
395.450000	
396.000000	
396.550000	
397.100000	
397.650000	
398.200000	
398.750000	
399.300000	
399.850000	
400.400000	
400.950000	
