This file was generated using SpermQ_Evaluator, a java application by Jan Niklas Hansen (© 2017 - 2020) (for credits see: https://github.com/IIIImaging/SpermQ_Evaluator).
Date of processing:	2021-02-15	21:12:13

This file contains the kymograph results for the parameter Y:
Results Minimum:
arc length	Rabbit delta 78 heterozygote019_SpQP_spq_210215_205359
0.000000	-0.094772
0.550000	-0.487565
1.100000	-0.976814
1.650000	-1.320060
2.200000	-1.669445
2.750000	-2.077178
3.300000	-2.493359
3.850000	-2.853082
4.400000	-2.445434
4.950000	-2.750428
5.500000	-2.770794
6.050000	-1.995706
6.600000	-2.394950
7.150000	-2.062119
7.700000	-1.650095
8.250000	-1.559887
8.800000	-1.661998
9.350000	-2.270118
9.900000	-2.793296
10.450000	-3.099106
11.000000	-3.623852
11.550000	-4.043748
12.100000	-4.584859
12.650000	-5.047598
13.200000	-5.496742
13.750000	-5.867427
14.300000	-6.441811
14.850000	-6.914720
15.400000	-7.385410
15.950000	-7.952552
16.500000	-8.429856
17.050000	-8.870629
17.600000	-9.404632
18.150000	-9.865894
18.700000	-10.406696
19.250000	-10.921634
19.800000	-11.378319
20.350000	-11.776541
20.900000	-12.115634
21.450000	-12.165635
22.000000	-12.594660
22.550000	-13.075891
23.100000	-13.527217
23.650000	-13.767589
24.200000	-14.381465
24.750000	-14.597419
25.300000	-15.051033
25.850000	-15.380880
26.400000	-16.011520
26.950000	-16.555922
27.500000	-17.460775
28.050000	-17.973693
28.600000	-18.413658
29.150000	-18.414991
29.700000	-19.580676
30.250000	-19.848246
30.800000	-20.161756
31.350000	-20.391668
31.900000	-20.799955
32.450000	-21.252354
33.000000	-21.250332
33.550000	-22.329925
34.100000	-22.488368
34.650000	-22.794413
35.200000	-23.114590
35.750000	-23.447151
36.300000	-23.724249
36.850000	-24.086996
37.400000	-24.492788
37.950000	-24.967727
38.500000	-25.246806
39.050000	-25.722375
39.600000	-26.072934
40.150000	-26.172883
40.700000	-26.572408
41.250000	-27.001843
41.800000	-27.439940
42.350000	-27.632434
42.900000	-27.681795
43.450000	-27.605594
44.000000	-27.480967
44.550000	-27.914277
45.100000	-28.454058
45.650000	-28.962565
46.200000	-29.063973
46.750000	-28.997943
47.300000	-28.166337
47.850000	-26.616765
48.400000	-29.052989
48.950000	-31.237778
49.500000	-32.095525
50.050000	-32.135984
50.600000	-32.279602
51.150000	-32.555529
51.700000	-32.820825
52.250000	-33.102230
52.800000	-33.231224
53.350000	-33.883057
53.900000	-34.258197
54.450000	-34.320288
55.000000	-34.991234
55.550000	-35.468750
56.100000	-35.957430
56.650000	-36.189242
57.200000	-36.712496
57.750000	-36.584697
58.300000	-36.416937
58.850000	-36.149906
59.400000	-35.865017
59.950000	-35.456734
60.500000	-35.622686
61.050000	-35.946075
61.600000	-34.212770
62.150000	-40.559533
62.700000	-41.014028
63.250000	-41.512006
63.800000	-42.028736
64.350000	-42.448797
64.900000	-43.011763
65.450000	-42.382202
66.000000	-40.895007
66.550000	-44.616190
67.100000	-45.083532
67.650000	-45.488588
68.200000	-45.765341
68.750000	-45.956216
69.300000	-46.184081
69.850000	-46.427683
70.400000	-37.844797
70.950000	-38.251793
71.500000	-38.841187
72.050000	-39.150925
72.600000	-39.564014
73.150000	-40.093692
73.700000	-40.587669
74.250000	-41.048273
74.800000	-41.543248
75.350000	-42.142178
75.900000	-42.619538
76.450000	-43.096781
77.000000	-43.702891
77.550000	-44.040634
78.100000	-44.700303
78.650000	-45.264623
79.200000	-45.773888
79.750000	-46.253978
80.300000	-46.875684
80.850000	-47.469214
81.400000	-41.744141
81.950000	-48.563843
82.500000	-49.158012
83.050000	-49.616625
83.600000	-49.713810
84.150000	-50.872067
84.700000	-51.206159
85.250000	-51.956117
85.800000	-52.302250
86.350000	-52.896458
86.900000	-53.323946
87.450000	-54.013737
88.000000	-54.529316
88.550000	-55.028633
89.100000	-55.688598
89.650000	-56.144412
90.200000	-56.725349
90.750000	-57.284160
91.300000	-50.838480
91.850000	-58.423620
92.400000	-58.864635
92.950000	-59.418157
93.500000	-60.046098
94.050000	-58.031891
94.600000	-61.023279
95.150000	-61.624246
95.700000	-62.041319
96.250000	-59.554885
96.800000	-59.901451
97.350000	-62.812713
97.900000	-63.215298
98.450000	-63.581920
99.000000	-61.157095
99.550000	-61.495539
100.100000	-61.907917
100.650000	-62.373934
101.200000	-62.871408
101.750000	-63.225901
102.300000	-63.808406
102.850000	-64.270432
103.400000	-64.893427
103.950000	-65.499547
104.500000	-66.051696
105.050000	-66.455029
105.600000	-67.061703
106.150000	-67.377777
106.700000	-67.622099
107.250000	-67.846253
107.800000	-68.001299
108.350000	-68.154195
108.900000	-68.295958
109.450000	-68.429153
110.000000	-68.680199
110.550000	-68.964188
111.100000	-69.264353
111.650000	-69.628268
112.200000	-70.075987
112.750000	-70.393324
113.300000	-70.931368
113.850000	-71.678922
114.400000	-55.762043
114.950000	-56.269186
115.500000	-56.743313
116.050000	-57.188468
116.600000	-57.791492
117.150000	-74.780342
117.700000	-58.837228
118.250000	-59.334158
118.800000	-59.825241
119.350000	-76.905002
119.900000	-77.425824
120.450000	-61.522584
121.000000	-44.865447
121.550000	-44.952204
122.100000	-45.018143
122.650000	-45.068053
123.200000	-79.597492
123.750000	-79.662486
124.300000	-79.732380
124.850000	-79.751785
125.400000	-79.774650
125.950000	-72.538242
126.500000	-79.782282
127.050000	-79.712338
127.600000	-79.706943
128.150000	-79.727620
128.700000	-79.796536
129.250000	-79.889125
129.800000	-79.961587
130.350000	-80.053107
130.900000	-80.102419
131.450000	-80.068726
132.000000	-79.946975
132.550000	-79.691494
133.100000	-79.391763
133.650000	-78.953665
134.200000	-78.554648
134.750000	-78.015130
135.300000	-77.526224
135.850000	-77.060394
136.400000	-76.582827
136.950000	-76.051542
137.500000	-75.381348
138.050000	-75.235654
138.600000	-74.560955
139.150000	-59.919472
139.700000	-54.154754
140.250000	-71.674257
140.800000	-71.429746
141.350000	-71.216242
141.900000	-71.012421
142.450000	-70.765703
143.000000	-70.582823
143.550000	-70.377390
144.100000	-70.676539
144.650000	-70.389778
145.200000	-70.628388
145.750000	-71.014496
146.300000	-71.443109
146.850000	-71.763960
147.400000	-72.173238
147.950000	-72.659088
148.500000	-72.942738
149.050000	-73.230115
149.600000	-73.496160
150.150000	-73.701441
150.700000	-73.827539
151.250000	-73.898352
151.800000	-73.883107
152.350000	-73.815463
152.900000	-73.677316
153.450000	-73.374469
154.000000	-73.054555
154.550000	-72.486373
155.100000	-72.580546
155.650000	-71.585119
156.200000	-73.128025
156.750000	-73.336708
157.300000	-73.531881
157.850000	-73.701408
158.400000	-73.810019
158.950000	-73.881238
159.500000	-73.897880
160.050000	-59.817562
160.600000	-59.563505
161.150000	-59.311718
161.700000	-59.062190
162.250000	-58.871054
162.800000	-54.106419
163.350000	-58.539846
163.900000	-58.363957
164.450000	-52.775081
165.000000	-58.126181
165.550000	-58.090673
166.100000	-58.043615
166.650000	-58.048416
167.200000	-58.083742
167.750000	-58.138015
168.300000	-58.120911
168.850000	-58.302430
169.400000	-58.619893
169.950000	-58.962409
170.500000	-59.374926
171.050000	-59.815877
171.600000	-60.235116
172.150000	-60.751853
172.700000	-61.220803
173.250000	-61.683976
173.800000	-62.233271
174.350000	-62.763959
174.900000	-63.262382
175.450000	-63.760806
176.000000	-64.177758
176.550000	-64.612947
177.100000	-65.109268
177.650000	-65.441128
178.200000	-65.607433
178.750000	-65.725202
179.300000	-65.687327
179.850000	-65.642482
180.400000	-65.539361
180.950000	-65.400857
181.500000	-65.275045
182.050000	-65.129963
182.600000	-64.975561
183.150000	-64.814291
183.700000	-64.750841
184.250000	-31.508395
184.800000	-31.572826
185.350000	-31.518431
185.900000	-31.483009
186.450000	-31.394329
187.000000	-31.322446
187.550000	-31.264842
188.100000	-31.237528
188.650000	-31.138208
189.200000	-31.014906
189.750000	-30.726067
190.300000	-30.582140
190.850000	-30.419163
191.400000	-30.242783
191.950000	-30.102416
192.500000	-29.977768
193.050000	-29.972741
193.600000	-29.689948
194.150000	-29.729197
194.700000	-29.747823
195.250000	-29.712235
195.800000	-29.693630
196.350000	-18.485745
196.900000	-29.375688
197.450000	-29.473746
198.000000	-29.372024
198.550000	-29.377950
199.100000	-29.461878
199.650000	-29.392301
200.200000	-29.399570
200.750000	-29.460691
201.300000	?
201.850000	?
202.400000	-29.641570
202.950000	-29.550579
203.500000	-29.588825
204.050000	-29.704401
204.600000	-29.775103
205.150000	-29.642875
205.700000	-29.694041
206.250000	-29.647672
206.800000	-29.456187
207.350000	-29.430318
207.900000	-29.260009
208.450000	-29.141509
209.000000	-28.948314
209.550000	-28.799511
210.100000	-28.829776
210.650000	-29.003971
211.200000	-29.209898
211.750000	-29.453893
212.300000	-29.798215
212.850000	-30.155793
213.400000	-30.561031
213.950000	?
214.500000	?
215.050000	-32.116748
215.600000	-32.561239
216.150000	-33.114148
216.700000	-33.614003
217.250000	-34.091470
217.800000	-34.586467
218.350000	-35.059455
218.900000	-35.598538
219.450000	-36.058988
220.000000	-36.563052
220.550000	-37.057821
221.100000	-37.558976
221.650000	-38.086337
222.200000	-38.545149
222.750000	-39.112516
223.300000	-39.615736
223.850000	-40.150084
224.400000	-40.657780
224.950000	-41.373287
225.500000	-41.841915
226.050000	-42.347707
226.600000	-29.161379
227.150000	-43.365763
227.700000	-43.868624
228.250000	-44.372667
228.800000	-44.827394
229.350000	-45.362121
229.900000	-45.817901
230.450000	-46.269734
231.000000	-46.540326
231.550000	-46.832277
232.100000	-47.086411
232.650000	-47.517777
233.200000	-47.876270
233.750000	-48.128497
234.300000	-48.467177
234.850000	-48.772958
235.400000	-49.063488
235.950000	-49.415996
236.500000	-49.601554
237.050000	-50.007283
237.600000	-50.275931
238.150000	-50.504920
238.700000	-50.901090
239.250000	-51.066767
239.800000	-51.371220
240.350000	-51.666992
240.900000	-51.891195
241.450000	-52.150866
242.000000	-52.277202
242.550000	-52.520862
243.100000	-52.739942
243.650000	-52.998398
244.200000	-53.330334
244.750000	-53.634246
245.300000	-54.010505
245.850000	-54.379382
246.400000	-54.766281
246.950000	-55.243844
247.500000	-55.563783
248.050000	-55.960118
248.600000	-56.357553
249.150000	-56.689998
249.700000	-57.102107
250.250000	-57.434220
250.800000	-57.799284
251.350000	-58.122417
251.900000	-26.208976
252.450000	-26.683805
253.000000	-56.317387
253.550000	?
254.100000	?
254.650000	?
255.200000	?
255.750000	?
256.300000	?
256.850000	?
257.400000	?
257.950000	?
258.500000	?
259.050000	?
259.600000	?
260.150000	?
260.700000	?
261.250000	?
261.800000	?
262.350000	?
262.900000	?
263.450000	?
264.000000	?
264.550000	?
265.100000	?
265.650000	?
266.200000	?
266.750000	?
267.300000	?
267.850000	?
268.400000	?
268.950000	?
269.500000	?
270.050000	?
270.600000	?
271.150000	?
271.700000	?
272.250000	?
272.800000	?
273.350000	?
273.900000	-73.567150
274.450000	?
275.000000	?
275.550000	?
276.100000	-28.993282
276.650000	-72.531234
277.200000	?
277.750000	?
278.300000	?
278.850000	?
279.400000	-75.222137
279.950000	?
280.500000	-76.147831
281.050000	-71.491496
281.600000	-77.292427
282.150000	-77.776817
282.700000	-72.403767
283.250000	-78.954747
283.800000	-67.288301
284.350000	-79.948994
284.900000	-80.421471
285.450000	-80.741883
286.000000	-81.460178
286.550000	-81.554422
287.100000	?
287.650000	-81.678429
288.200000	-81.708097
288.750000	-81.607844
289.300000	-81.240736
289.850000	-80.653487
290.400000	-80.244697
290.950000	-79.687535
291.500000	-79.217419
292.050000	-79.622327
292.600000	-79.961801
293.150000	-80.457152
293.700000	-80.935356
294.250000	?
294.800000	-81.923960
295.350000	?
295.900000	?
296.450000	?
297.000000	-83.938846
297.550000	?
298.100000	-84.784804
298.650000	-85.541658
299.200000	-86.175412
299.750000	-86.691576
300.300000	?
300.850000	?
301.400000	?
301.950000	?
302.500000	?
303.050000	?
303.600000	?
304.150000	?
304.700000	?
305.250000	?
305.800000	?
306.350000	?
306.900000	?
307.450000	?
308.000000	?
308.550000	?
309.100000	?
309.650000	?
310.200000	?
310.750000	?
311.300000	?
311.850000	?
312.400000	?
312.950000	?
313.500000	?
314.050000	?
314.600000	?
315.150000	?
315.700000	?
316.250000	?
316.800000	?
317.350000	?
317.900000	?
318.450000	?
319.000000	?
319.550000	?
320.100000	?
320.650000	?
321.200000	?
321.750000	?
322.300000	?
322.850000	?
323.400000	?
323.950000	?
324.500000	?
325.050000	?
325.600000	?
326.150000	?
326.700000	?
327.250000	?
327.800000	?
328.350000	?
328.900000	?
329.450000	?
330.000000	?
330.550000	?
331.100000	?
331.650000	?
332.200000	?
332.750000	?
333.300000	?
333.850000	?
334.400000	?
334.950000	?
335.500000	?
336.050000	?
336.600000	?
337.150000	?
337.700000	?
338.250000	?
338.800000	?
339.350000	?
339.900000	?
340.450000	?
341.000000	?
341.550000	?
342.100000	?
342.650000	?
343.200000	?
343.750000	?
344.300000	?
344.850000	?
345.400000	?
345.950000	?
346.500000	?
347.050000	?
347.600000	?
348.150000	?
348.700000	?
349.250000	?
349.800000	?
350.350000	?
350.900000	?
351.450000	?
352.000000	?
352.550000	?
353.100000	?
353.650000	?
354.200000	?
354.750000	?
355.300000	?
355.850000	?
356.400000	?
356.950000	?
357.500000	?
358.050000	?
358.600000	?
359.150000	?
359.700000	?
360.250000	?
360.800000	?
361.350000	?
361.900000	?
362.450000	?
363.000000	?
363.550000	?
364.100000	?
364.650000	?
365.200000	?
365.750000	?
366.300000	?
366.850000	?
367.400000	?
367.950000	?
368.500000	?
369.050000	?
369.600000	?
370.150000	?
370.700000	?
371.250000	?
371.800000	?
372.350000	?
372.900000	?
373.450000	?
374.000000	?
374.550000	?
375.100000	?
375.650000	?
376.200000	?
376.750000	?
377.300000	?
377.850000	?
378.400000	?
378.950000	?
379.500000	?
380.050000	?
380.600000	?
381.150000	?
381.700000	?
382.250000	?
382.800000	?
383.350000	?
383.900000	?
384.450000	?
385.000000	?
385.550000	?
386.100000	?
386.650000	?
387.200000	?
387.750000	?
388.300000	?
388.850000	?
389.400000	?
389.950000	?
390.500000	?
391.050000	?
391.600000	?
392.150000	?
392.700000	?
393.250000	?
393.800000	?
394.350000	?
394.900000	?
395.450000	?
396.000000	?
396.550000	?
397.100000	?
397.650000	?
398.200000	?
398.750000	?
399.300000	?
399.850000	?
400.400000	?
400.950000	?
