This file was generated using SpermQ_Evaluator, a java application by Jan Niklas Hansen (© 2017 - 2020) (for credits see: https://github.com/IIIImaging/SpermQ_Evaluator).
Date of processing:	2021-02-15	21:12:13

This file contains the kymograph results for the parameter Z:
Results Amplitude:
arc length	Rabbit delta 78 heterozygote019_SpQP_spq_210215_205359
0.000000	3.669016
0.550000	3.264779
1.100000	3.157449
1.650000	3.344667
2.200000	3.967552
2.750000	4.124233
3.300000	3.735560
3.850000	3.481625
4.400000	3.678296
4.950000	3.860831
5.500000	2.902109
6.050000	2.746009
6.600000	2.440917
7.150000	2.501017
7.700000	2.180673
8.250000	1.825808
8.800000	2.096010
9.350000	2.686989
9.900000	3.045804
10.450000	3.050177
11.000000	4.948023
11.550000	3.492234
12.100000	2.946949
12.650000	2.748928
13.200000	2.202450
13.750000	1.945673
14.300000	2.023099
14.850000	1.159564
15.400000	1.131286
15.950000	1.009437
16.500000	1.323669
17.050000	1.107730
17.600000	1.515675
18.150000	1.537141
18.700000	1.536143
19.250000	1.646373
19.800000	1.644919
20.350000	1.639460
20.900000	1.998409
21.450000	1.520678
22.000000	1.434750
22.550000	1.521662
23.100000	1.399379
23.650000	1.142724
24.200000	1.669719
24.750000	1.717457
25.300000	1.758053
25.850000	1.328344
26.400000	1.456668
26.950000	1.523534
27.500000	1.390299
28.050000	1.147485
28.600000	1.266103
29.150000	1.231736
29.700000	1.364917
30.250000	1.390780
30.800000	1.359225
31.350000	1.605066
31.900000	1.955747
32.450000	2.154726
33.000000	2.066164
33.550000	2.062739
34.100000	2.007088
34.650000	2.191507
35.200000	3.585456
35.750000	4.033885
36.300000	3.679659
36.850000	3.261648
37.400000	2.401731
37.950000	1.824777
38.500000	2.035390
39.050000	2.100603
39.600000	1.277382
40.150000	1.600023
40.700000	1.245229
41.250000	1.283170
41.800000	1.659938
42.350000	1.360263
42.900000	1.635241
43.450000	1.538514
44.000000	1.842515
44.550000	1.692320
45.100000	1.591849
45.650000	1.927201
46.200000	1.718533
46.750000	1.576458
47.300000	1.632116
47.850000	1.240179
48.400000	1.609448
48.950000	1.765152
49.500000	1.661963
50.050000	1.211456
50.600000	1.295956
51.150000	1.701460
51.700000	1.575419
52.250000	1.502197
52.800000	1.923566
53.350000	1.782454
53.900000	1.988241
54.450000	1.527653
55.000000	1.513364
55.550000	1.383938
56.100000	1.437516
56.650000	1.307603
57.200000	1.146200
57.750000	1.129703
58.300000	1.103433
58.850000	1.100041
59.400000	1.207276
59.950000	1.130604
60.500000	1.222457
61.050000	1.238708
61.600000	1.062887
62.150000	1.305029
62.700000	1.505387
63.250000	1.565581
63.800000	1.728298
64.350000	1.816196
64.900000	2.024374
65.450000	1.996757
66.000000	1.859835
66.550000	1.755017
67.100000	1.690861
67.650000	1.407222
68.200000	1.233455
68.750000	1.179909
69.300000	1.313487
69.850000	1.072064
70.400000	1.395496
70.950000	1.340930
71.500000	1.280630
72.050000	1.194286
72.600000	0.897581
73.150000	0.835497
73.700000	1.171864
74.250000	1.262955
74.800000	1.156340
75.350000	1.408991
75.900000	1.298032
76.450000	1.172944
77.000000	1.136301
77.550000	1.286757
78.100000	1.430512
78.650000	1.210263
79.200000	1.691716
79.750000	1.450493
80.300000	1.374137
80.850000	1.603243
81.400000	1.259589
81.950000	0.953903
82.500000	1.163857
83.050000	1.157391
83.600000	1.051958
84.150000	1.052260
84.700000	1.210004
85.250000	1.073334
85.800000	1.450755
86.350000	0.941631
86.900000	1.124085
87.450000	1.024610
88.000000	1.004254
88.550000	0.995431
89.100000	1.138178
89.650000	0.952260
90.200000	0.925745
90.750000	0.960990
91.300000	0.848956
91.850000	0.628320
92.400000	0.826494
92.950000	0.941872
93.500000	0.815771
94.050000	0.959804
94.600000	0.859463
95.150000	0.715833
95.700000	0.809038
96.250000	0.771009
96.800000	0.589671
97.350000	0.771747
97.900000	0.747617
98.450000	0.962088
99.000000	1.116391
99.550000	0.922730
100.100000	0.891613
100.650000	0.768136
101.200000	0.927338
101.750000	1.089090
102.300000	1.159454
102.850000	0.980859
103.400000	0.961308
103.950000	0.802432
104.500000	0.691155
105.050000	0.738309
105.600000	0.903588
106.150000	0.911631
106.700000	0.621285
107.250000	0.536738
107.800000	0.668665
108.350000	0.723354
108.900000	0.713657
109.450000	0.643002
110.000000	0.708917
110.550000	0.681958
111.100000	0.735199
111.650000	0.817265
112.200000	0.775767
112.750000	0.815552
113.300000	0.966597
113.850000	0.940242
114.400000	0.892107
114.950000	0.802514
115.500000	0.761507
116.050000	0.812190
116.600000	1.022270
117.150000	0.543919
117.700000	0.692765
118.250000	0.685643
118.800000	0.673085
119.350000	0.714341
119.900000	1.072706
120.450000	0.808829
121.000000	1.165443
121.550000	1.078572
122.100000	1.127356
122.650000	1.165144
123.200000	1.150793
123.750000	1.145856
124.300000	0.945491
124.850000	0.794639
125.400000	0.971280
125.950000	0.912476
126.500000	0.890592
127.050000	0.719236
127.600000	0.646094
128.150000	0.770338
128.700000	0.901675
129.250000	1.132201
129.800000	1.231884
130.350000	1.290332
130.900000	1.368804
131.450000	1.340618
132.000000	1.155007
132.550000	1.188423
133.100000	1.080064
133.650000	1.010182
134.200000	0.871569
134.750000	0.659978
135.300000	0.580739
135.850000	0.420201
136.400000	0.439543
136.950000	0.732022
137.500000	0.730990
138.050000	0.849857
138.600000	0.710460
139.150000	0.716542
139.700000	0.609752
140.250000	1.082838
140.800000	1.117687
141.350000	1.084935
141.900000	1.128402
142.450000	1.032281
143.000000	0.884570
143.550000	0.668944
144.100000	0.862278
144.650000	1.097007
145.200000	1.058065
145.750000	1.105985
146.300000	1.263690
146.850000	1.139348
147.400000	1.273424
147.950000	1.066863
148.500000	0.962497
149.050000	1.177901
149.600000	1.229919
150.150000	1.142491
150.700000	1.396157
151.250000	1.186710
151.800000	1.033620
152.350000	1.012516
152.900000	0.739511
153.450000	0.742782
154.000000	0.885712
154.550000	0.920328
155.100000	0.761672
155.650000	0.331419
156.200000	0.884966
156.750000	1.032217
157.300000	0.981955
157.850000	0.859084
158.400000	0.903870
158.950000	0.976505
159.500000	0.946697
160.050000	0.532197
160.600000	0.426129
161.150000	0.472907
161.700000	0.416397
162.250000	0.458753
162.800000	0.326344
163.350000	0.540104
163.900000	0.386782
164.450000	0.431827
165.000000	0.571774
165.550000	0.612861
166.100000	0.520780
166.650000	0.512883
167.200000	0.452613
167.750000	0.465345
168.300000	0.228866
168.850000	0.156573
169.400000	0.352679
169.950000	0.237323
170.500000	0.253970
171.050000	0.318169
171.600000	0.423975
172.150000	0.476306
172.700000	0.384120
173.250000	0.359821
173.800000	0.433797
174.350000	0.476065
174.900000	0.420386
175.450000	0.520666
176.000000	0.541201
176.550000	0.325563
177.100000	0.345427
177.650000	0.369104
178.200000	0.417881
178.750000	0.371574
179.300000	0.412675
179.850000	0.610184
180.400000	0.825883
180.950000	0.788316
181.500000	0.892402
182.050000	0.788297
182.600000	0.867964
183.150000	0.835087
183.700000	0.600195
184.250000	0.326473
184.800000	0.265999
185.350000	0.095788
185.900000	0.084630
186.450000	0.123649
187.000000	0.135540
187.550000	0.205915
188.100000	0.190486
188.650000	0.293221
189.200000	0.281042
189.750000	0.217488
190.300000	0.195173
190.850000	0.222701
191.400000	0.231361
191.950000	0.224656
192.500000	0.263270
193.050000	0.347121
193.600000	0.236682
194.150000	0.248541
194.700000	0.309739
195.250000	0.124224
195.800000	0.229519
196.350000	0.100988
196.900000	0.141781
197.450000	0.137718
198.000000	0.166245
198.550000	0.139015
199.100000	0.129395
199.650000	0.150239
200.200000	0.094672
200.750000	0.092007
201.300000	
201.850000	
202.400000	0.352179
202.950000	0.372170
203.500000	0.252130
204.050000	0.306754
204.600000	0.192638
205.150000	0.240347
205.700000	0.132456
206.250000	0.043586
206.800000	0.311190
207.350000	0.349913
207.900000	0.386122
208.450000	0.403776
209.000000	0.428081
209.550000	0.444962
210.100000	0.448152
210.650000	0.399273
211.200000	0.331225
211.750000	0.308560
212.300000	0.323639
212.850000	0.212298
213.400000	0.294614
213.950000	
214.500000	
215.050000	0.321965
215.600000	0.304619
216.150000	0.328098
216.700000	0.342264
217.250000	0.309088
217.800000	0.285555
218.350000	0.181180
218.900000	0.210711
219.450000	0.177038
220.000000	0.182988
220.550000	0.183432
221.100000	0.325597
221.650000	0.281309
222.200000	0.359717
222.750000	0.489851
223.300000	0.564971
223.850000	0.545692
224.400000	0.543743
224.950000	0.664657
225.500000	0.524463
226.050000	0.475330
226.600000	0.425768
227.150000	0.210525
227.700000	-0.032056
228.250000	0.072374
228.800000	0.048591
229.350000	0.038927
229.900000	-0.025368
230.450000	-0.522372
231.000000	-0.600517
231.550000	-0.973842
232.100000	-1.578352
232.650000	-1.068958
233.200000	-0.654364
233.750000	-0.164396
234.300000	0.223674
234.850000	0.252401
235.400000	0.276620
235.950000	0.274059
236.500000	0.279624
237.050000	0.425187
237.600000	0.584641
238.150000	0.492656
238.700000	0.411203
239.250000	0.310892
239.800000	0.231196
240.350000	0.162613
240.900000	0.132883
241.450000	0.170794
242.000000	0.119282
242.550000	0.083392
243.100000	0.169075
243.650000	0.119924
244.200000	0.060737
244.750000	0.039462
245.300000	0.070539
245.850000	0.038197
246.400000	0.092943
246.950000	0.205349
247.500000	0.201406
248.050000	0.177553
248.600000	0.285289
249.150000	0.264272
249.700000	0.277305
250.250000	0.320557
250.800000	0.361525
251.350000	0.370748
251.900000	0.000000
252.450000	-0.032427
253.000000	-0.039292
253.550000	
254.100000	
254.650000	
255.200000	
255.750000	
256.300000	
256.850000	
257.400000	
257.950000	
258.500000	
259.050000	
259.600000	
260.150000	
260.700000	
261.250000	
261.800000	
262.350000	
262.900000	
263.450000	
264.000000	
264.550000	
265.100000	
265.650000	
266.200000	
266.750000	
267.300000	
267.850000	
268.400000	
268.950000	
269.500000	
270.050000	
270.600000	
271.150000	
271.700000	
272.250000	
272.800000	
273.350000	
273.900000	0.194755
274.450000	
275.000000	
275.550000	
276.100000	0.137138
276.650000	0.022631
277.200000	
277.750000	
278.300000	
278.850000	
279.400000	0.723160
279.950000	
280.500000	0.865121
281.050000	0.820656
281.600000	0.580700
282.150000	0.374515
282.700000	0.311928
283.250000	0.208150
283.800000	0.223939
284.350000	0.164813
284.900000	0.226722
285.450000	0.256264
286.000000	0.205970
286.550000	0.302078
287.100000	
287.650000	0.609070
288.200000	0.640330
288.750000	0.807529
289.300000	1.146913
289.850000	1.176355
290.400000	0.585935
290.950000	0.420268
291.500000	0.307047
292.050000	0.217287
292.600000	0.206892
293.150000	0.241654
293.700000	0.266639
294.250000	
294.800000	0.398624
295.350000	
295.900000	
296.450000	
297.000000	0.411697
297.550000	
298.100000	0.316588
298.650000	0.395154
299.200000	0.410250
299.750000	0.341531
300.300000	
300.850000	
301.400000	
301.950000	
302.500000	
303.050000	
303.600000	
304.150000	
304.700000	
305.250000	
305.800000	
306.350000	
306.900000	
307.450000	
308.000000	
308.550000	
309.100000	
309.650000	
310.200000	
310.750000	
311.300000	
311.850000	
312.400000	
312.950000	
313.500000	
314.050000	
314.600000	
315.150000	
315.700000	
316.250000	
316.800000	
317.350000	
317.900000	
318.450000	
319.000000	
319.550000	
320.100000	
320.650000	
321.200000	
321.750000	
322.300000	
322.850000	
323.400000	
323.950000	
324.500000	
325.050000	
325.600000	
326.150000	
326.700000	
327.250000	
327.800000	
328.350000	
328.900000	
329.450000	
330.000000	
330.550000	
331.100000	
331.650000	
332.200000	
332.750000	
333.300000	
333.850000	
334.400000	
334.950000	
335.500000	
336.050000	
336.600000	
337.150000	
337.700000	
338.250000	
338.800000	
339.350000	
339.900000	
340.450000	
341.000000	
341.550000	
342.100000	
342.650000	
343.200000	
343.750000	
344.300000	
344.850000	
345.400000	
345.950000	
346.500000	
347.050000	
347.600000	
348.150000	
348.700000	
349.250000	
349.800000	
350.350000	
350.900000	
351.450000	
352.000000	
352.550000	
353.100000	
353.650000	
354.200000	
354.750000	
355.300000	
355.850000	
356.400000	
356.950000	
357.500000	
358.050000	
358.600000	
359.150000	
359.700000	
360.250000	
360.800000	
361.350000	
361.900000	
362.450000	
363.000000	
363.550000	
364.100000	
364.650000	
365.200000	
365.750000	
366.300000	
366.850000	
367.400000	
367.950000	
368.500000	
369.050000	
369.600000	
370.150000	
370.700000	
371.250000	
371.800000	
372.350000	
372.900000	
373.450000	
374.000000	
374.550000	
375.100000	
375.650000	
376.200000	
376.750000	
377.300000	
377.850000	
378.400000	
378.950000	
379.500000	
380.050000	
380.600000	
381.150000	
381.700000	
382.250000	
382.800000	
383.350000	
383.900000	
384.450000	
385.000000	
385.550000	
386.100000	
386.650000	
387.200000	
387.750000	
388.300000	
388.850000	
389.400000	
389.950000	
390.500000	
391.050000	
391.600000	
392.150000	
392.700000	
393.250000	
393.800000	
394.350000	
394.900000	
395.450000	
396.000000	
396.550000	
397.100000	
397.650000	
398.200000	
398.750000	
399.300000	
399.850000	
400.400000	
400.950000	
