This file was generated using SpermQ_Evaluator, a java application by Jan Niklas Hansen (© 2017 - 2020) (for credits see: https://github.com/IIIImaging/SpermQ_Evaluator).
Date of processing:	2021-02-15	21:12:13

This file contains the kymograph results for the parameter Z:
Results Maximum:
arc length	Rabbit delta 78 heterozygote019_SpQP_spq_210215_205359
0.000000	3.669016
0.550000	3.357914
1.100000	3.487640
1.650000	3.745067
2.200000	4.491155
2.750000	4.614851
3.300000	4.225407
3.850000	3.979463
4.400000	4.197423
4.950000	4.390860
5.500000	3.425190
6.050000	3.243626
6.600000	2.946205
7.150000	3.043903
7.700000	2.717788
8.250000	2.337069
8.800000	2.611948
9.350000	3.181901
9.900000	3.503029
10.450000	3.445565
11.000000	5.386375
11.550000	3.966791
12.100000	3.473166
12.650000	3.187650
13.200000	2.718170
13.750000	2.457540
14.300000	2.545195
14.850000	1.686724
15.400000	1.661760
15.950000	1.540672
16.500000	1.818337
17.050000	1.595585
17.600000	2.033330
18.150000	2.066834
18.700000	2.063982
19.250000	2.160077
19.800000	2.188244
20.350000	2.171622
20.900000	2.526392
21.450000	2.039281
22.000000	1.958744
22.550000	2.054909
23.100000	1.938616
23.650000	1.645359
24.200000	2.177282
24.750000	2.226336
25.300000	2.263030
25.850000	1.860998
26.400000	1.908626
26.950000	1.988773
27.500000	1.898772
28.050000	1.680771
28.600000	1.828956
29.150000	1.791143
29.700000	1.915233
30.250000	1.927253
30.800000	1.885512
31.350000	2.145890
31.900000	2.508644
32.450000	2.723601
33.000000	2.630472
33.550000	2.664210
34.100000	2.582151
34.650000	2.747041
35.200000	4.133230
35.750000	4.579402
36.300000	4.187900
36.850000	3.814780
37.400000	2.963469
37.950000	2.395235
38.500000	2.593119
39.050000	2.619991
39.600000	1.799939
40.150000	2.115602
40.700000	1.748379
41.250000	1.799807
41.800000	2.176001
42.350000	1.918465
42.900000	2.197199
43.450000	2.082726
44.000000	2.401946
44.550000	2.257751
45.100000	2.163657
45.650000	2.498173
46.200000	2.263331
46.750000	2.157956
47.300000	2.191873
47.850000	1.786209
48.400000	2.157742
48.950000	2.325827
49.500000	2.236459
50.050000	1.773820
50.600000	1.796583
51.150000	2.246518
51.700000	2.148251
52.250000	2.068529
52.800000	2.502967
53.350000	2.370169
53.900000	2.547367
54.450000	2.107160
55.000000	2.115977
55.550000	1.962310
56.100000	2.024713
56.650000	1.909879
57.200000	1.754463
57.750000	1.728758
58.300000	1.700969
58.850000	1.727181
59.400000	1.815266
59.950000	1.742298
60.500000	1.796923
61.050000	1.818398
61.600000	1.644797
62.150000	1.854089
62.700000	2.079271
63.250000	2.176657
63.800000	2.254940
64.350000	2.328221
64.900000	2.567455
65.450000	2.542198
66.000000	2.421345
66.550000	2.315315
67.100000	2.260283
67.650000	1.978691
68.200000	1.803352
68.750000	1.748829
69.300000	1.886813
69.850000	1.663245
70.400000	1.969366
70.950000	1.906165
71.500000	1.840222
72.050000	1.765693
72.600000	1.478234
73.150000	1.430523
73.700000	1.763113
74.250000	1.875300
74.800000	1.786289
75.350000	2.045380
75.900000	1.889663
76.450000	1.754996
77.000000	1.705363
77.550000	1.837269
78.100000	2.013378
78.650000	1.804376
79.200000	2.333216
79.750000	2.094712
80.300000	1.994458
80.850000	2.215130
81.400000	1.876002
81.950000	1.539521
82.500000	1.759516
83.050000	1.754215
83.600000	1.604945
84.150000	1.664555
84.700000	1.798868
85.250000	1.636473
85.800000	1.974716
86.350000	1.466409
86.900000	1.659909
87.450000	1.612968
88.000000	1.590315
88.550000	1.599238
89.100000	1.731081
89.650000	1.557042
90.200000	1.532647
90.750000	1.568525
91.300000	1.414451
91.850000	1.193613
92.400000	1.374969
92.950000	1.495786
93.500000	1.419387
94.050000	1.606272
94.600000	1.511601
95.150000	1.353483
95.700000	1.454666
96.250000	1.361632
96.800000	1.206831
97.350000	1.381567
97.900000	1.411997
98.450000	1.577310
99.000000	1.715465
99.550000	1.585948
100.100000	1.529516
100.650000	1.362909
101.200000	1.508961
101.750000	1.677042
102.300000	1.762255
102.850000	1.621486
103.400000	1.568039
103.950000	1.500539
104.500000	1.403429
105.050000	1.427863
105.600000	1.547242
106.150000	1.549183
106.700000	1.263955
107.250000	1.193296
107.800000	1.332989
108.350000	1.364367
108.900000	1.324170
109.450000	1.212930
110.000000	1.268543
110.550000	1.255052
111.100000	1.301096
111.650000	1.390885
112.200000	1.378285
112.750000	1.426336
113.300000	1.587484
113.850000	1.560195
114.400000	1.518043
114.950000	1.508369
115.500000	1.581282
116.050000	1.521329
116.600000	1.765521
117.150000	1.287172
117.700000	1.436548
118.250000	1.421550
118.800000	1.369831
119.350000	1.367642
119.900000	1.696605
120.450000	1.444430
121.000000	1.798157
121.550000	1.696750
122.100000	1.708390
122.650000	1.783051
123.200000	1.761402
123.750000	1.761224
124.300000	1.598107
124.850000	1.452129
125.400000	1.588531
125.950000	1.517742
126.500000	1.516849
127.050000	1.375220
127.600000	1.295570
128.150000	1.418256
128.700000	1.565647
129.250000	1.758511
129.800000	1.843346
130.350000	1.882247
130.900000	2.043875
131.450000	2.016720
132.000000	1.809439
132.550000	1.856415
133.100000	1.708821
133.650000	1.667805
134.200000	1.540842
134.750000	1.288647
135.300000	1.214761
135.850000	1.022101
136.400000	1.038877
136.950000	1.287190
137.500000	1.260527
138.050000	1.393201
138.600000	1.301550
139.150000	1.341486
139.700000	1.241071
140.250000	1.650294
140.800000	1.709447
141.350000	1.629308
141.900000	1.683975
142.450000	1.590200
143.000000	1.530320
143.550000	1.325309
144.100000	1.540085
144.650000	1.807690
145.200000	1.806585
145.750000	1.774869
146.300000	1.940625
146.850000	1.812821
147.400000	1.933190
147.950000	1.674259
148.500000	1.620277
149.050000	1.773570
149.600000	1.829678
150.150000	1.788732
150.700000	2.025566
151.250000	1.801801
151.800000	1.656737
152.350000	1.654949
152.900000	1.417054
153.450000	1.374274
154.000000	1.505472
154.550000	1.517355
155.100000	1.366333
155.650000	0.938043
156.200000	1.479745
156.750000	1.623463
157.300000	1.680045
157.850000	1.511697
158.400000	1.518203
158.950000	1.603692
159.500000	1.576650
160.050000	1.195457
160.600000	1.122273
161.150000	1.088048
161.700000	1.052388
162.250000	1.082701
162.800000	0.960812
163.350000	1.165872
163.900000	1.048370
164.450000	1.081624
165.000000	1.216294
165.550000	1.187191
166.100000	1.128988
166.650000	1.138299
167.200000	1.061936
167.750000	1.079632
168.300000	0.858849
168.850000	0.789806
169.400000	0.955595
169.950000	0.833489
170.500000	0.893571
171.050000	0.981491
171.600000	1.131116
172.150000	1.209084
172.700000	1.143690
173.250000	1.133644
173.800000	1.185679
174.350000	1.202981
174.900000	1.129663
175.450000	1.208184
176.000000	1.224522
176.550000	1.016250
177.100000	1.086096
177.650000	1.108654
178.200000	1.163085
178.750000	1.095400
179.300000	1.097945
179.850000	1.268670
180.400000	1.461939
180.950000	1.415789
181.500000	1.467589
182.050000	1.336454
182.600000	1.398623
183.150000	1.395717
183.700000	1.200848
184.250000	1.137566
184.800000	1.090736
185.350000	0.886236
185.900000	0.810601
186.450000	0.850858
187.000000	0.829233
187.550000	0.876855
188.100000	0.866039
188.650000	0.938635
189.200000	0.916200
189.750000	0.884084
190.300000	0.869578
190.850000	0.890230
191.400000	0.919876
191.950000	0.934519
192.500000	0.980710
193.050000	1.046236
193.600000	0.963778
194.150000	0.932770
194.700000	0.968767
195.250000	0.770946
195.800000	0.868219
196.350000	0.803273
196.900000	0.812966
197.450000	0.846693
198.000000	0.884130
198.550000	0.829022
199.100000	0.850807
199.650000	0.873210
200.200000	0.841692
200.750000	0.874230
201.300000	
201.850000	
202.400000	1.171692
202.950000	1.190357
203.500000	1.131531
204.050000	1.179649
204.600000	1.100388
205.150000	1.125885
205.700000	1.054177
206.250000	0.919685
206.800000	1.182712
207.350000	1.174076
207.900000	1.221359
208.450000	1.184147
209.000000	1.176592
209.550000	1.217499
210.100000	1.214927
210.650000	1.205338
211.200000	1.198290
211.750000	1.215099
212.300000	1.283810
212.850000	1.251491
213.400000	1.288291
213.950000	
214.500000	
215.050000	1.283919
215.600000	1.249313
216.150000	1.249553
216.700000	1.146933
217.250000	1.059255
217.800000	0.984729
218.350000	0.888573
218.900000	0.911359
219.450000	0.850721
220.000000	0.834992
220.550000	0.818359
221.100000	0.927609
221.650000	0.883961
222.200000	0.959407
222.750000	1.103452
223.300000	1.203355
223.850000	1.249324
224.400000	1.304066
224.950000	1.493026
225.500000	1.411105
226.050000	1.431980
226.600000	1.466785
227.150000	1.310828
227.700000	1.074307
228.250000	1.067935
228.800000	1.019563
229.350000	0.988515
229.900000	1.015253
230.450000	1.021568
231.000000	1.297207
231.550000	1.374084
232.100000	1.329130
232.650000	1.318815
233.200000	1.384395
233.750000	1.465116
234.300000	1.487963
234.850000	1.089068
235.400000	1.120029
235.950000	1.068008
236.500000	1.043292
237.050000	1.174391
237.600000	1.316274
238.150000	1.248755
238.700000	1.178157
239.250000	1.063969
239.800000	0.975048
240.350000	0.926547
240.900000	0.832328
241.450000	0.831180
242.000000	0.744115
242.550000	0.694493
243.100000	0.754030
243.650000	0.733579
244.200000	0.753516
244.750000	0.768300
245.300000	0.813773
245.850000	0.806342
246.400000	0.789021
246.950000	0.866611
247.500000	0.867812
248.050000	0.818827
248.600000	0.889441
249.150000	0.918372
249.700000	0.898887
250.250000	0.959792
250.800000	1.024720
251.350000	1.032272
251.900000	0.915012
252.450000	1.226271
253.000000	1.217202
253.550000	
254.100000	
254.650000	
255.200000	
255.750000	
256.300000	
256.850000	
257.400000	
257.950000	
258.500000	
259.050000	
259.600000	
260.150000	
260.700000	
261.250000	
261.800000	
262.350000	
262.900000	
263.450000	
264.000000	
264.550000	
265.100000	
265.650000	
266.200000	
266.750000	
267.300000	
267.850000	
268.400000	
268.950000	
269.500000	
270.050000	
270.600000	
271.150000	
271.700000	
272.250000	
272.800000	
273.350000	
273.900000	1.030088
274.450000	
275.000000	
275.550000	
276.100000	0.928943
276.650000	0.805181
277.200000	
277.750000	
278.300000	
278.850000	
279.400000	1.359708
279.950000	
280.500000	1.481075
281.050000	1.547292
281.600000	1.351403
282.150000	1.051092
282.700000	0.985548
283.250000	0.901309
283.800000	0.721234
284.350000	0.776688
284.900000	0.784563
285.450000	0.801829
286.000000	0.770129
286.550000	0.963653
287.100000	
287.650000	1.255278
288.200000	1.256027
288.750000	1.415575
289.300000	1.730507
289.850000	1.776683
290.400000	1.197687
290.950000	1.028600
291.500000	0.901533
292.050000	0.798974
292.600000	0.766604
293.150000	0.808460
293.700000	0.832442
294.250000	
294.800000	0.928089
295.350000	
295.900000	
296.450000	
297.000000	0.954964
297.550000	
298.100000	0.888045
298.650000	0.984853
299.200000	1.040124
299.750000	0.998555
300.300000	
300.850000	
301.400000	
301.950000	
302.500000	
303.050000	
303.600000	
304.150000	
304.700000	
305.250000	
305.800000	
306.350000	
306.900000	
307.450000	
308.000000	
308.550000	
309.100000	
309.650000	
310.200000	
310.750000	
311.300000	
311.850000	
312.400000	
312.950000	
313.500000	
314.050000	
314.600000	
315.150000	
315.700000	
316.250000	
316.800000	
317.350000	
317.900000	
318.450000	
319.000000	
319.550000	
320.100000	
320.650000	
321.200000	
321.750000	
322.300000	
322.850000	
323.400000	
323.950000	
324.500000	
325.050000	
325.600000	
326.150000	
326.700000	
327.250000	
327.800000	
328.350000	
328.900000	
329.450000	
330.000000	
330.550000	
331.100000	
331.650000	
332.200000	
332.750000	
333.300000	
333.850000	
334.400000	
334.950000	
335.500000	
336.050000	
336.600000	
337.150000	
337.700000	
338.250000	
338.800000	
339.350000	
339.900000	
340.450000	
341.000000	
341.550000	
342.100000	
342.650000	
343.200000	
343.750000	
344.300000	
344.850000	
345.400000	
345.950000	
346.500000	
347.050000	
347.600000	
348.150000	
348.700000	
349.250000	
349.800000	
350.350000	
350.900000	
351.450000	
352.000000	
352.550000	
353.100000	
353.650000	
354.200000	
354.750000	
355.300000	
355.850000	
356.400000	
356.950000	
357.500000	
358.050000	
358.600000	
359.150000	
359.700000	
360.250000	
360.800000	
361.350000	
361.900000	
362.450000	
363.000000	
363.550000	
364.100000	
364.650000	
365.200000	
365.750000	
366.300000	
366.850000	
367.400000	
367.950000	
368.500000	
369.050000	
369.600000	
370.150000	
370.700000	
371.250000	
371.800000	
372.350000	
372.900000	
373.450000	
374.000000	
374.550000	
375.100000	
375.650000	
376.200000	
376.750000	
377.300000	
377.850000	
378.400000	
378.950000	
379.500000	
380.050000	
380.600000	
381.150000	
381.700000	
382.250000	
382.800000	
383.350000	
383.900000	
384.450000	
385.000000	
385.550000	
386.100000	
386.650000	
387.200000	
387.750000	
388.300000	
388.850000	
389.400000	
389.950000	
390.500000	
391.050000	
391.600000	
392.150000	
392.700000	
393.250000	
393.800000	
394.350000	
394.900000	
395.450000	
396.000000	
396.550000	
397.100000	
397.650000	
398.200000	
398.750000	
399.300000	
399.850000	
400.400000	
400.950000	
