Frequencies for trace parameter:	Th2D
Analyzed image:	\Rabbit delta 78 heterozygote014_SpQP_spq_210215_204725_f.tif

t [frame]	Primary freq.	Amplitude of primary freq. peak in FFT	Secondary freq.	Amplitude of secondary freq. peak in FFT	COM freq.
0-200	3.0	2407.921364190872	31.0	2240.1368396926446	26.196963081850154
1-201	3.0	2425.320141914654	31.0	2153.2515966440005	26.323236370865178
2-202	3.0	2431.790225795494	31.0	2013.64248593225	26.234121649023596
3-203	3.0	2436.899629906311	31.0	1913.0071210353658	25.78199325551698
4-204	3.0	2439.710041996222	15.0	1955.495616025178	25.996145100018836
5-205	3.0	2435.0202459652282	31.0	2109.496120567634	25.8137420605127
6-206	3.0	2426.4918993953816	31.0	2198.605376585472	25.607270281528812
7-207	3.0	2413.250481210077	5.0	2187.5960640646394	25.635185461750083
8-208	3.0	2391.517321655827	5.0	2330.7590542869902	25.536798560238903
9-209	5.0	2424.9095897255233	3.0	2368.0430628612576	25.657693568348133
10-210	5.0	2464.822481664609	10.0	2358.0131650004896	25.40725204017812
11-211	5.0	2544.209147505807	10.0	2391.6959632192857	25.51202341287339
12-212	5.0	2593.3407944314295	10.0	2383.9509815658575	25.468680634430715
13-213	5.0	2654.588611902149	10.0	2345.485722676496	25.50515547637925
14-214	5.0	2718.434512388023	10.0	2247.185413512862	25.50515533704702
15-215	5.0	2749.50339194651	10.0	2123.5423977342107	25.515903980499683
16-216	5.0	2760.969461828309	3.0	2027.4955293400797	25.61430262547715
17-217	5.0	2764.6032865788316	15.0	2114.1080273209695	25.38807324273994
18-218	5.0	2746.419277159741	15.0	2136.0290465927205	25.475756677665924
19-219	5.0	2708.6608113581665	31.0	2248.852355972432	25.351707600376272
20-220	5.0	2661.477519645264	31.0	2208.4422066580732	25.4008740506665
21-221	5.0	2612.1324570618917	31.0	2075.741287054713	25.473590254564314
22-222	4.0	2547.387896662848	31.0	1877.213788961274	25.450931768454197
23-223	4.0	2661.8516662321945	31.0	1903.0064210721948	25.37523324675583
24-224	4.0	2725.7349666069313	31.0	2027.114347911163	25.127575754783358
25-225	4.0	2822.396452538782	31.0	2163.002043154183	25.061577909474263
26-226	4.0	2954.389899216804	31.0	2256.308345314218	25.451449921727338
27-227	4.0	3063.5215766868437	10.0	2121.8352766124326	24.992175654802246
28-228	4.0	3131.1398808294994	10.0	2254.5610829341954	24.98013310454091
29-229	4.0	3212.43559775238	10.0	2401.1655187322203	24.748266447239825
30-230	4.0	3249.256411980199	10.0	2452.7027786175204	25.021481654656647
31-231	4.0	3258.6595094993063	10.0	2452.554027734041	24.63963819375278
32-232	4.0	3277.0770758721546	10.0	2445.7388235668477	24.611409739027373
33-233	4.0	3274.3406159248825	10.0	2410.78676812901	24.6594397418437
34-234	4.0	3269.4226511472584	10.0	2350.250629025572	24.607516283225074
35-235	4.0	3255.7928899692392	10.0	2302.976330397686	24.726563945993963
36-236	4.0	3238.0696798061485	10.0	2244.9247341931814	24.681195962990202
37-237	4.0	3198.0609179313965	10.0	2133.3072548593327	24.707131803986154
38-238	4.0	3146.0195883286315	31.0	2148.090315280465	24.81045006700266
39-239	4.0	3057.339409382857	31.0	2192.4824476199487	24.639413816547446
40-240	4.0	2938.4911009218267	31.0	2082.336482202664	24.838120780061086
41-241	4.0	2763.604024618784	15.0	2223.0633237982843	24.476022025154748
42-242	4.0	2601.3261920038008	15.0	2427.071432999622	24.356484228161115
43-243	15.0	2593.489187017977	4.0	2467.345051001912	24.731431176192874
44-244	15.0	2711.9609798147862	4.0	2268.559132078827	24.402188636813868
45-245	15.0	2734.884271186496	10.0	2423.607019441585	24.479507870315004
46-246	15.0	2708.5817131217345	10.0	2439.732404960057	24.05583966826521
47-247	15.0	2650.003892734539	10.0	2531.817239795864	24.01814320810258
48-248	10.0	2713.070942006521	15.0	2444.8092225569467	24.351851955018954
49-249	10.0	2842.863666663916	5.0	2418.874985799494	24.393209264171784
50-250	10.0	2895.9388078174534	5.0	2605.8574226964624	24.154169279977303
51-251	10.0	2882.4499984229637	5.0	2701.118720184307	24.101261132686986
52-252	10.0	2873.975052185563	5.0	2731.55521588146	24.20795826674596
53-253	10.0	2834.530983779752	5.0	2762.423701402037	24.057554653717016
54-254	5.0	2839.7916527347384	10.0	2706.1070464068994	24.069372653394133
55-255	5.0	2878.2039177046418	10.0	2572.5773109871598	24.340658127411757
56-256	5.0	2876.1916497530865	10.0	2529.067268228456	23.988180333949007
57-257	5.0	2872.443205515387	10.0	2527.0361923596215	23.964603615464533
58-258	5.0	2846.025401174564	10.0	2509.634073922141	24.25883376751981
59-259	5.0	2832.0100204984533	10.0	2534.7178147544123	24.13834049189063
60-260	5.0	2833.5378623840725	10.0	2529.854820207153	24.081627054379407
61-261	5.0	2729.1484991809652	10.0	2485.238479018248	24.56323449991193
62-262	10.0	2582.261640675681	5.0	2571.622995186867	24.010542631092445
63-263	10.0	2641.414470760665	5.0	2515.7552031739833	23.93145770329974
64-264	10.0	2639.936088803043	5.0	2510.6701684922923	24.056799562749788
65-265	10.0	2864.3952209190957	5.0	2310.109631206786	23.948934218289185
66-266	10.0	3041.606172659702	5.0	2142.032990056168	23.960432483592385
67-267	10.0	3205.1343748546533	15.0	2065.987091422227	24.07295567714277
68-268	10.0	3388.275400367687	15.0	2300.210681447536	23.92952948656499
69-269	10.0	3449.294926572898	15.0	2395.907992184176	23.64670892008066
70-270	10.0	3483.411738038517	15.0	2452.9075812042197	23.81101467527307
71-271	10.0	3494.6748578809197	15.0	2481.8425529329365	23.665778191707446
72-272	10.0	3463.6696952348466	15.0	2447.6657892346493	23.763203002050382
73-273	10.0	3376.6486396221676	4.0	2441.9616623316215	23.99827514299919
74-274	10.0	3194.485170166949	4.0	2675.247479119155	23.763246557357505
75-275	10.0	3024.4641946787838	4.0	2827.993956389852	23.892932279804697
76-276	4.0	2906.7099590044268	10.0	2899.813408803924	23.427764186276228
77-277	4.0	3012.8285233775855	10.0	2740.0851490325467	23.28171031994212
78-278	4.0	2956.9467893987066	10.0	2833.737455190259	23.42865956178945
79-279	4.0	3031.589947577148	10.0	2698.553601406315	23.764808071416724
80-280	4.0	3196.0211606438256	10.0	2469.01060360794	24.049549732185984
81-281	4.0	3258.5816535568233	10.0	2450.295999864428	23.717227452518355
82-282	4.0	3281.5206639350304	10.0	2480.8504749752838	23.78249573342405
83-283	4.0	3306.948841509386	10.0	2563.6746206312237	23.786331716265565
84-284	4.0	3320.9385737578186	10.0	2669.315704454249	23.81869159354846
85-285	4.0	3325.6270598866604	10.0	2830.3851196555734	24.017895455584267
86-286	4.0	3315.161102782863	10.0	3010.9411161873754	23.883103469105723
87-287	4.0	3272.4942729361246	10.0	3227.749847780576	23.679805406415095
88-288	10.0	3318.8666459740916	4.0	3242.8404288634397	23.618300345452877
89-289	4.0	3306.1855201889443	10.0	3226.262002434565	23.63578496201776
90-290	4.0	3302.6570079257976	10.0	3247.636683772343	23.58800504334821
91-291	10.0	3276.625128188809	4.0	3184.006147330883	24.06714502787524
92-292	10.0	3218.725224533019	4.0	3035.088005377805	24.00705174786066
93-293	10.0	3102.3541200954005	4.0	2900.011688359959	23.766502970585563
94-294	10.0	3093.2960423957247	4.0	2886.168575392375	23.72569360501032
95-295	10.0	3017.138892321581	4.0	2816.2878646976415	23.838451191143523
96-296	10.0	2728.38796984414	5.0	2699.2139329591396	24.35245108635597
97-297	15.0	2698.5160954320622	5.0	2617.4309988487307	24.038979605146213
98-298	15.0	2702.2396369541366	5.0	2553.0159480162934	23.755507661500804
99-299	15.0	2705.4143352025235	5.0	2518.6020810176556	24.03773569913137
100-300	15.0	2552.7800071144557	5.0	2410.603976443333	25.14229246856962
101-301	15.0	2395.3827934006026	5.0	2328.3590968051153	25.07989049686596
102-302	5.0	2215.5085308597786	15.0	2205.945892047488	25.224880556847303
103-303	10.0	2287.8459357682036	30.0	2128.7448046505506	25.369733314400904
104-304	10.0	2384.238350129093	33.0	2221.8030880379583	25.518247467653765
105-305	10.0	2635.005221837676	33.0	2101.5374361540207	25.1483130785051
106-306	10.0	2716.2329619408356	30.0	2041.701400513387	25.119125258187918
107-307	10.0	2626.2456796132824	33.0	2083.2645217570084	25.15762226552941
108-308	10.0	2655.0489552367644	33.0	2050.4619709225276	25.101280444345445
109-309	10.0	2701.954807227993	33.0	2156.5218296640696	25.224089065868025
110-310	10.0	2715.8159366124232	33.0	2232.7170140899475	25.059641643402298
111-311	10.0	2693.7369747944663	33.0	2242.006014195775	25.211940124289484
112-312	10.0	2578.5190366603656	15.0	2181.9913698735772	25.331645018802966
113-313	10.0	2484.097877257344	15.0	2136.230405131	25.055766697463213
114-314	10.0	2477.7285390868606	15.0	2140.138851754133	24.973004016875763
115-315	10.0	2402.2025298497074	16.0	2140.3813194486215	24.98180232924939
116-316	10.0	2231.15187267861	16.0	2185.9713227679945	24.411621871810038
117-317	33.0	2116.220209337174	16.0	2115.58935166825	25.20708292777155
118-318	16.0	2008.1789538121893	33.0	1994.1387188370695	25.405791430741875
119-319	10.0	1818.7990865433799	33.0	1817.1357193568856	24.98998420745297
120-320	10.0	1821.1043307586237	33.0	1814.4582814007238	24.87808070059593
121-321	19.0	1867.280141092164	16.0	1822.678724175069	24.962899795569875
122-322	19.0	2017.759972420244	16.0	1866.984301455865	24.700454292577845
123-323	19.0	1928.2141348320702	16.0	1833.295693369893	24.81449246762996
124-324	10.0	2021.658733693305	16.0	2011.545060466451	24.37587568652667
125-325	10.0	2046.3682905909575	16.0	2037.5617706654834	24.339542159609838
126-326	10.0	1963.1924859215003	16.0	1950.8442744130973	24.41476814636832
127-327	10.0	1881.649293733811	16.0	1867.4268273187163	24.497830542829625
128-328	15.0	2028.2546291440149	3.0	1909.42581266194	24.967171025130153
129-329	15.0	2042.0704296641572	3.0	1931.6020938418126	24.498268658001997
130-330	15.0	1868.0513247055144	10.0	1803.687115567621	24.588856074433146
131-331	15.0	1801.3830210759031	10.0	1789.2882321754848	24.815283285994575
132-332	15.0	1878.8012165808955	4.0	1678.4606226943815	24.5279696519611
133-333	15.0	1937.788085456181	4.0	1662.632341831229	24.362305574372495
134-334	15.0	1896.5337566026503	4.0	1676.2272648285903	24.343414744294467
135-335	15.0	1922.9445348630402	4.0	1667.701174051122	24.373094642347006
136-336	15.0	1937.1942626604762	4.0	1675.2387967861082	24.487670255930002
137-337	15.0	2050.430182752308	11.0	1717.4567423447847	24.360287077211204
138-338	15.0	2072.1467302747114	11.0	1761.339828780297	23.86333610498067
139-339	15.0	2167.2905630475025	11.0	1789.6728996528218	23.444759670354937
140-340	15.0	2136.7124103623105	11.0	1781.5143116188378	23.688603053945517
141-341	15.0	1863.3475112699793	11.0	1604.018547483651	23.534549332721753
142-342	15.0	1736.0564897442607	10.0	1584.52323750371	23.66282339340673
143-343	15.0	1679.0928100138556	10.0	1634.7729224844875	23.961600307752363
144-344	10.0	1805.084618955342	6.0	1624.8378483369231	23.9598148341742
145-345	10.0	2053.5612366766304	6.0	1712.5549811661133	23.90686211680351
146-346	10.0	2159.5989996036055	15.0	1747.1278322950386	23.582036928318413
147-347	10.0	2122.9151680631726	6.0	1737.725172857206	23.556492930817555
148-348	10.0	2109.8069618080913	6.0	1764.1952997021665	23.749325369857637
149-349	10.0	2140.419047837498	6.0	1760.34038731569	23.858518810597943
150-350	10.0	2123.045901761601	15.0	1740.6751310483894	23.566208094463327
151-351	10.0	2187.147744998971	6.0	1786.1663537968705	23.206192323568583
152-352	10.0	2150.5332582247715	15.0	1747.414010176658	23.516543767498423
153-353	10.0	1949.436295269413	15.0	1564.1594681060715	23.25685661849785
154-354	10.0	1837.878550014478	15.0	1454.3573614351278	23.2382566495712
155-355	10.0	1886.0227422374198	6.0	1504.364527889178	23.55328181102033
156-356	10.0	1789.7052281535875	6.0	1410.1060219542273	23.483790388337084
157-357	10.0	1699.0287511032313	15.0	1356.46339404848	23.1518121879646
158-358	10.0	1706.4933728352655	15.0	1363.5008580718832	23.103311777646155
159-359	10.0	1711.262404574614	15.0	1351.530878804417	23.14461636664213
160-360	10.0	1725.284611891935	15.0	1383.5901755807088	23.076623127175868
161-361	10.0	1670.1822511448065	6.0	1356.3190622832383	23.483310271262177
162-362	10.0	1607.0134920979974	32.0	1378.7571823686164	22.165343321206613
163-363	10.0	1757.3828340136392	15.0	1333.7300030966967	21.636573818026086
164-364	10.0	1695.067950529298	15.0	1351.7998072010653	21.76151875757605
165-365	10.0	1745.6698714834324	15.0	1340.9950424538686	21.615851110237962
166-366	10.0	1710.8795328316614	15.0	1376.3248004472398	21.591257065702056
167-367	10.0	1722.2089261098977	15.0	1364.558690502176	21.59441324678002
168-368	10.0	1748.7233836992157	6.0	1345.5683106585907	21.54285241329935
169-369	10.0	1755.6126596633867	6.0	1354.2778817811504	21.611129884676004
170-370	10.0	1767.462976512323	6.0	1348.4983424105817	21.566756359880973
171-371	10.0	1749.1650888122758	6.0	1400.8427593984757	21.49169172229033
172-372	10.0	1781.2457380064213	6.0	1347.8770786542195	21.488438756344348
173-373	10.0	1806.9532102713636	6.0	1317.904820464673	21.49129603424312
174-374	10.0	1787.245827230212	6.0	1338.0922507217404	21.48119080695177
175-375	10.0	1786.2616174295642	6.0	1338.9956927456187	21.49051963703259
176-376	10.0	1832.2700982271497	32.0	1317.9223853966023	21.22718182000634
177-377	10.0	1800.736718382768	6.0	1324.6636990673073	21.530162902589655
178-378	10.0	1735.9343104017503	6.0	1415.7986709063764	21.034599818495074
179-379	10.0	1738.6249674109022	6.0	1422.4813334007001	21.062978862731317
180-380	10.0	1701.0840445388992	6.0	1395.3107387478738	20.83730505413686
181-381	10.0	1696.4419424803373	6.0	1404.738786287265	21.03616863479634
182-382	10.0	1790.2527585460148	6.0	1393.8696032358148	20.94673619013623
183-383	10.0	1830.284872334007	6.0	1384.1711690708933	20.91922630307762
184-384	10.0	1856.0565531509524	6.0	1378.2682117188913	20.75993241213725
185-385	10.0	1910.6146149043066	6.0	1345.3854146822123	20.79234036356387
186-386	10.0	1903.2840648609877	6.0	1352.8852600601695	20.79292292797503
187-387	10.0	1875.821589111537	6.0	1419.362242004928	21.41016920076529
188-388	10.0	1918.7993798595344	6.0	1406.8451693963027	21.258810599279137
189-389	10.0	1942.3657616160497	6.0	1270.6228229085289	20.809998516825495
190-390	10.0	1966.754764406766	6.0	1310.8696222304723	20.999613926153362
191-391	10.0	1972.4122312040804	6.0	1289.9962524008515	20.46444988868946
192-392	10.0	1866.8539957237463	17.0	1265.146828169081	19.936948571009253
193-393	10.0	1867.590332160472	17.0	1306.6092178565732	20.135960114428862
194-394	10.0	1639.3167682095814	17.0	1389.5486763748952	19.695616325341923
195-395	10.0	1533.9848162483806	17.0	1413.239159316093	18.99566204387132
196-396	10.0	1367.283414583124	8.0	1313.1700753627304	20.117583778350586
197-397	8.0	1357.0131098408403	10.0	1318.4917062823213	20.024396257790862
198-398	8.0	1440.3475720039544	10.0	1265.1380469000676	19.035037951218914
199-399	8.0	1427.0366861290688	10.0	1265.8970025786628	19.026560423654896
200-400	8.0	1416.2066684166348	10.0	1259.0157337008097	19.06263954920266

Datafile was generated by 'SpermQ_', (© 2016 - 2021: Jan N Hansen (jan.hansen@uni-bonn.de.de) & Jan F Jikeli (jan.jikeli@caesar.de))
The plug-in 'SpermQ_' is distributed in the hope that it will be useful, but WITHOUT ANY WARRANTY; without even the implied warranty of MERCHANTABILITY or FITNESS FOR A PARTICULAR PURPOSE.
Skeleton results are generated using the ImageJ plug-ins 'skeletonize' and 'analyze skeleton' by: Ignacio Arganda-Carreras, Rodrigo Fernandez-Gonzalez, Arrate Munoz-Barrutia, Carlos Ortiz-De-Solorzano, '3D reconstruction of histological sections: Application to mammary gland tissue', Microscopy Research and Technique, Volume 73, Issue 11, pages 1019-1029, October 2010.
Plug-in version:	v0.2.2
