This file was generated using SpermQ_Evaluator, a java application by Jan Niklas Hansen (© 2017 - 2020) (for credits see: https://github.com/IIIImaging/SpermQ_Evaluator).
Date of processing:	2021-02-15	21:11:42

This file contains the kymograph results for the parameter Curv:
Results Amplitude:
arc length	Rabbit delta 78 heterozygote014_SpQP_spq_210215_204725
0.000000	0.274063
0.550000	0.265107
1.100000	0.254144
1.650000	0.237462
2.200000	0.228866
2.750000	0.221698
3.300000	0.211985
3.850000	0.200163
4.400000	0.190790
4.950000	0.181078
5.500000	0.175980
6.050000	0.177444
6.600000	0.178539
7.150000	0.169370
7.700000	0.164715
8.250000	0.170408
8.800000	0.168225
9.350000	0.158421
9.900000	0.146086
10.450000	0.141890
11.000000	0.148020
11.550000	0.153834
12.100000	0.152764
12.650000	0.148196
13.200000	0.142294
13.750000	0.142798
14.300000	0.135715
14.850000	0.135071
15.400000	0.139856
15.950000	0.154893
16.500000	0.155156
17.050000	0.131647
17.600000	0.121019
18.150000	0.127194
18.700000	0.115898
19.250000	0.116779
19.800000	0.117344
20.350000	0.114349
20.900000	0.107267
21.450000	0.116370
22.000000	0.126746
22.550000	0.127883
23.100000	0.124000
23.650000	0.122175
24.200000	0.132154
24.750000	0.130665
25.300000	0.136063
25.850000	0.134619
26.400000	0.142085
26.950000	0.146481
27.500000	0.153828
28.050000	0.152408
28.600000	0.151803
29.150000	0.147729
29.700000	0.117827
30.250000	0.122290
30.800000	0.124962
31.350000	0.136740
31.900000	0.143309
32.450000	0.135827
33.000000	0.136399
33.550000	0.141053
34.100000	0.132263
34.650000	0.129086
35.200000	0.129428
35.750000	0.119590
36.300000	0.118364
36.850000	0.119045
37.400000	0.121263
37.950000	0.126487
38.500000	0.132730
39.050000	0.131445
39.600000	0.141160
40.150000	0.145741
40.700000	0.142191
41.250000	0.137480
41.800000	0.131709
42.350000	0.135062
42.900000	0.137995
43.450000	0.149784
44.000000	0.153215
44.550000	0.153083
45.100000	0.152286
45.650000	0.154013
46.200000	0.155248
46.750000	0.153384
47.300000	0.142917
47.850000	0.144576
48.400000	0.142320
48.950000	0.135865
49.500000	0.141680
50.050000	0.136418
50.600000	0.137285
51.150000	0.141305
51.700000	0.144468
52.250000	0.148064
52.800000	0.152152
53.350000	0.150817
53.900000	0.150478
54.450000	0.150683
55.000000	0.149654
55.550000	0.149267
56.100000	0.144589
56.650000	0.146160
57.200000	0.150399
57.750000	0.145330
58.300000	0.144587
58.850000	0.145253
59.400000	0.145402
59.950000	0.153945
60.500000	0.149115
61.050000	0.147286
61.600000	0.143081
62.150000	0.125744
62.700000	0.141134
63.250000	0.143883
63.800000	0.123946
64.350000	0.140018
64.900000	0.138922
65.450000	0.137103
66.000000	0.139268
66.550000	0.139773
67.100000	0.138840
67.650000	0.140409
68.200000	0.144978
68.750000	0.142444
69.300000	0.144464
69.850000	0.148788
70.400000	0.147969
70.950000	0.145625
71.500000	0.137900
72.050000	0.133697
72.600000	0.123792
73.150000	0.132409
73.700000	0.136245
74.250000	0.142456
74.800000	0.136194
75.350000	0.133516
75.900000	0.131455
76.450000	0.132662
77.000000	0.127885
77.550000	0.132372
78.100000	0.136219
78.650000	0.143250
79.200000	0.147312
79.750000	0.143095
80.300000	0.151146
80.850000	0.160991
81.400000	0.160896
81.950000	0.157176
82.500000	0.151456
83.050000	0.150788
83.600000	0.152485
84.150000	0.145669
84.700000	0.137240
85.250000	0.133578
85.800000	0.137064
86.350000	0.130123
86.900000	0.133508
87.450000	0.126884
88.000000	0.122456
88.550000	0.120930
89.100000	0.113304
89.650000	0.117054
90.200000	0.123690
90.750000	0.123635
91.300000	0.121597
91.850000	0.125716
92.400000	0.123921
92.950000	0.120038
93.500000	0.128923
94.050000	0.121129
94.600000	0.121028
95.150000	0.115523
95.700000	0.103049
96.250000	0.099463
96.800000	0.107284
97.350000	0.108938
97.900000	0.117021
98.450000	0.111383
99.000000	0.129190
99.550000	0.132340
100.100000	0.135700
100.650000	0.129250
101.200000	0.128729
101.750000	0.135581
102.300000	0.132610
102.850000	0.111699
103.400000	0.099888
103.950000	0.105435
104.500000	0.106814
105.050000	0.108041
105.600000	0.108777
106.150000	0.108529
106.700000	0.104360
107.250000	0.103764
107.800000	0.100253
108.350000	0.098511
108.900000	0.094557
109.450000	0.099599
110.000000	0.103063
110.550000	0.107225
111.100000	0.113897
111.650000	0.118352
112.200000	0.120831
112.750000	0.120644
113.300000	0.122713
113.850000	0.112316
114.400000	0.108867
114.950000	0.102769
115.500000	0.099674
116.050000	0.097195
116.600000	0.096025
117.150000	0.098259
117.700000	0.108703
118.250000	0.120682
118.800000	0.129693
119.350000	0.135734
119.900000	0.138021
120.450000	0.101603
121.000000	0.111427
121.550000	0.119998
122.100000	0.123995
122.650000	0.119734
123.200000	0.110310
123.750000	0.109865
124.300000	0.121750
124.850000	0.139477
125.400000	0.134294
125.950000	0.133584
126.500000	0.141746
127.050000	0.119383
127.600000	0.127456
128.150000	0.126382
128.700000	0.127836
129.250000	0.099032
129.800000	0.130391
130.350000	0.136069
130.900000	0.141361
131.450000	0.151848
132.000000	0.156353
132.550000	0.132750
133.100000	0.135124
133.650000	0.134892
134.200000	0.129083
134.750000	0.133402
135.300000	0.132716
135.850000	0.131399
136.400000	0.134038
136.950000	0.136927
137.500000	0.130720
138.050000	0.092615
138.600000	0.147206
139.150000	0.141469
139.700000	0.134184
140.250000	0.122923
140.800000	0.112220
141.350000	0.109883
141.900000	0.065846
142.450000	0.070937
143.000000	0.071820
143.550000	0.070834
144.100000	0.069375
144.650000	0.064918
145.200000	0.063097
145.750000	0.058263
146.300000	0.053974
146.850000	
147.400000	
147.950000	
148.500000	
149.050000	
149.600000	
150.150000	
150.700000	
151.250000	
151.800000	
152.350000	
152.900000	
153.450000	
154.000000	
154.550000	
155.100000	
155.650000	
156.200000	
156.750000	
157.300000	
157.850000	
158.400000	
158.950000	
159.500000	
160.050000	
160.600000	
161.150000	
161.700000	
162.250000	
162.800000	
163.350000	
163.900000	
164.450000	
165.000000	
165.550000	
166.100000	
166.650000	
167.200000	
167.750000	
168.300000	
168.850000	
169.400000	
169.950000	
170.500000	
171.050000	
171.600000	
172.150000	
172.700000	
173.250000	
173.800000	
174.350000	
174.900000	
175.450000	
176.000000	
176.550000	
177.100000	
177.650000	
178.200000	
178.750000	
179.300000	
179.850000	
180.400000	
180.950000	
181.500000	
182.050000	
182.600000	
183.150000	
183.700000	
184.250000	
184.800000	
185.350000	
185.900000	
186.450000	
187.000000	
187.550000	
188.100000	
188.650000	
189.200000	
189.750000	
190.300000	
190.850000	
191.400000	
191.950000	
192.500000	
193.050000	
193.600000	
194.150000	
194.700000	
195.250000	
195.800000	
196.350000	
196.900000	
197.450000	
198.000000	
198.550000	
199.100000	
199.650000	
200.200000	
200.750000	
201.300000	
201.850000	
202.400000	
202.950000	
203.500000	
204.050000	
204.600000	
205.150000	
205.700000	
206.250000	
206.800000	
207.350000	
207.900000	
208.450000	
209.000000	
209.550000	
210.100000	
210.650000	
211.200000	
211.750000	
212.300000	
212.850000	
213.400000	
213.950000	
214.500000	
215.050000	
215.600000	
216.150000	
216.700000	
217.250000	
217.800000	
218.350000	
218.900000	
219.450000	
220.000000	
220.550000	
221.100000	
221.650000	
222.200000	
222.750000	
223.300000	
223.850000	
224.400000	
224.950000	
225.500000	
226.050000	
226.600000	
227.150000	
227.700000	
228.250000	
228.800000	
229.350000	
229.900000	
230.450000	
231.000000	
231.550000	
232.100000	
232.650000	
233.200000	
233.750000	
234.300000	
234.850000	
235.400000	
235.950000	
236.500000	
237.050000	
237.600000	
238.150000	
238.700000	
239.250000	
239.800000	
240.350000	
240.900000	
241.450000	
242.000000	
242.550000	
243.100000	
243.650000	
244.200000	
244.750000	
245.300000	
245.850000	
246.400000	
246.950000	
247.500000	
248.050000	
248.600000	
249.150000	
249.700000	
250.250000	
250.800000	
251.350000	
251.900000	
252.450000	
253.000000	
253.550000	
254.100000	
254.650000	
255.200000	
255.750000	
256.300000	
256.850000	
257.400000	
257.950000	
258.500000	
259.050000	
259.600000	
260.150000	
260.700000	
261.250000	
261.800000	
262.350000	
262.900000	
263.450000	
264.000000	
264.550000	
265.100000	
265.650000	
266.200000	
266.750000	
267.300000	
267.850000	
268.400000	
268.950000	
269.500000	
270.050000	
270.600000	
271.150000	
271.700000	
272.250000	
272.800000	
273.350000	
273.900000	
274.450000	
275.000000	
275.550000	
276.100000	
276.650000	
277.200000	
277.750000	
278.300000	
278.850000	
279.400000	
279.950000	
280.500000	
281.050000	
281.600000	
282.150000	
282.700000	
283.250000	
283.800000	
284.350000	
284.900000	
285.450000	
286.000000	
286.550000	
287.100000	
287.650000	
288.200000	
288.750000	
289.300000	
289.850000	
290.400000	
290.950000	
291.500000	
292.050000	
292.600000	
293.150000	
293.700000	
294.250000	
294.800000	
295.350000	
295.900000	
296.450000	
297.000000	
297.550000	
298.100000	
298.650000	
299.200000	
299.750000	
300.300000	
300.850000	
301.400000	
301.950000	
302.500000	
303.050000	
303.600000	
304.150000	
304.700000	
305.250000	
305.800000	
306.350000	
306.900000	
307.450000	
308.000000	
308.550000	
309.100000	
309.650000	
310.200000	
310.750000	
311.300000	
311.850000	
312.400000	
312.950000	
313.500000	
314.050000	
314.600000	
