This file was generated using SpermQ_Evaluator, a java application by Jan Niklas Hansen (© 2017 - 2020) (for credits see: https://github.com/IIIImaging/SpermQ_Evaluator).
Date of processing:	2021-02-15	21:11:42

This file contains the kymograph results for the parameter Curv:
Results Maximum:
arc length	Rabbit delta 78 heterozygote014_SpQP_spq_210215_204725
0.000000	0.128906
0.550000	0.124699
1.100000	0.119759
1.650000	0.110390
2.200000	0.107432
2.750000	0.104200
3.300000	0.101495
3.850000	0.096327
4.400000	0.090764
4.950000	0.086187
5.500000	0.084089
6.050000	0.084695
6.600000	0.085758
7.150000	0.086232
7.700000	0.087536
8.250000	0.092718
8.800000	0.092195
9.350000	0.084484
9.900000	0.074143
10.450000	0.067893
11.000000	0.070537
11.550000	0.075741
12.100000	0.079319
12.650000	0.081847
13.200000	0.078967
13.750000	0.075729
14.300000	0.069215
14.850000	0.069372
15.400000	0.075795
15.950000	0.083826
16.500000	0.084499
17.050000	0.063472
17.600000	0.068211
18.150000	0.074450
18.700000	0.067393
19.250000	0.058282
19.800000	0.053380
20.350000	0.048385
20.900000	0.041970
21.450000	0.050845
22.000000	0.056014
22.550000	0.058844
23.100000	0.058417
23.650000	0.057846
24.200000	0.061617
24.750000	0.056002
25.300000	0.057092
25.850000	0.052877
26.400000	0.057671
26.950000	0.058301
27.500000	0.063625
28.050000	0.063661
28.600000	0.066311
29.150000	0.065446
29.700000	0.071323
30.250000	0.068811
30.800000	0.070231
31.350000	0.075517
31.900000	0.076126
32.450000	0.068991
33.000000	0.068650
33.550000	0.066721
34.100000	0.066529
34.650000	0.066237
35.200000	0.065303
35.750000	0.064357
36.300000	0.063831
36.850000	0.062559
37.400000	0.062076
37.950000	0.066076
38.500000	0.068179
39.050000	0.071688
39.600000	0.073799
40.150000	0.076779
40.700000	0.077924
41.250000	0.078091
41.800000	0.080341
42.350000	0.080892
42.900000	0.078824
43.450000	0.081582
44.000000	0.083497
44.550000	0.084722
45.100000	0.084390
45.650000	0.082497
46.200000	0.077936
46.750000	0.077870
47.300000	0.078621
47.850000	0.081512
48.400000	0.082192
48.950000	0.075998
49.500000	0.077548
50.050000	0.074845
50.600000	0.077689
51.150000	0.079103
51.700000	0.080106
52.250000	0.081826
52.800000	0.081256
53.350000	0.081043
53.900000	0.080121
54.450000	0.080709
55.000000	0.079616
55.550000	0.078095
56.100000	0.078125
56.650000	0.073924
57.200000	0.078719
57.750000	0.073798
58.300000	0.078365
58.850000	0.080270
59.400000	0.079450
59.950000	0.084666
60.500000	0.085256
61.050000	0.085388
61.600000	0.081832
62.150000	0.061483
62.700000	0.074082
63.250000	0.073440
63.800000	0.056632
64.350000	0.070285
64.900000	0.069648
65.450000	0.068249
66.000000	0.071765
66.550000	0.074839
67.100000	0.073589
67.650000	0.073390
68.200000	0.075789
68.750000	0.078959
69.300000	0.079012
69.850000	0.078738
70.400000	0.076778
70.950000	0.073637
71.500000	0.068291
72.050000	0.067599
72.600000	0.061014
73.150000	0.067139
73.700000	0.067743
74.250000	0.070553
74.800000	0.064961
75.350000	0.065464
75.900000	0.065431
76.450000	0.069512
77.000000	0.069659
77.550000	0.072702
78.100000	0.071893
78.650000	0.077653
79.200000	0.077261
79.750000	0.070823
80.300000	0.071544
80.850000	0.075587
81.400000	0.074125
81.950000	0.073950
82.500000	0.070337
83.050000	0.067094
83.600000	0.071226
84.150000	0.069420
84.700000	0.065512
85.250000	0.063452
85.800000	0.065804
86.350000	0.059204
86.900000	0.065717
87.450000	0.065099
88.000000	0.065032
88.550000	0.067912
89.100000	0.056530
89.650000	0.057368
90.200000	0.061985
90.750000	0.062744
91.300000	0.063999
91.850000	0.063979
92.400000	0.063535
92.950000	0.062727
93.500000	0.066863
94.050000	0.060801
94.600000	0.064294
95.150000	0.056634
95.700000	0.045823
96.250000	0.045187
96.800000	0.059700
97.350000	0.058038
97.900000	0.058546
98.450000	0.055509
99.000000	0.053440
99.550000	0.054102
100.100000	0.054114
100.650000	0.048194
101.200000	0.049802
101.750000	0.051859
102.300000	0.054743
102.850000	0.046346
103.400000	0.040217
103.950000	0.039196
104.500000	0.033786
105.050000	0.032100
105.600000	0.031362
106.150000	0.028016
106.700000	0.026121
107.250000	0.025164
107.800000	0.026038
108.350000	0.028860
108.900000	0.030920
109.450000	0.033945
110.000000	0.037338
110.550000	0.042081
111.100000	0.046063
111.650000	0.050571
112.200000	0.052844
112.750000	0.053692
113.300000	0.057907
113.850000	0.058733
114.400000	0.059538
114.950000	0.059849
115.500000	0.059490
116.050000	0.056711
116.600000	0.053226
117.150000	0.052086
117.700000	0.060084
118.250000	0.069220
118.800000	0.074876
119.350000	0.077111
119.900000	0.076347
120.450000	0.073718
121.000000	0.065046
121.550000	0.074617
122.100000	0.079205
122.650000	0.076626
123.200000	0.070770
123.750000	0.062343
124.300000	0.062661
124.850000	0.062528
125.400000	0.050488
125.950000	0.048543
126.500000	0.050648
127.050000	0.071842
127.600000	0.078522
128.150000	0.078550
128.700000	0.085037
129.250000	0.060930
129.800000	0.063342
130.350000	0.066005
130.900000	0.074877
131.450000	0.079547
132.000000	0.080122
132.550000	0.081774
133.100000	0.081134
133.650000	0.078088
134.200000	0.071712
134.750000	0.074034
135.300000	0.071984
135.850000	0.070381
136.400000	0.068660
136.950000	0.073340
137.500000	0.071914
138.050000	0.032114
138.600000	0.082658
139.150000	0.080291
139.700000	0.082460
140.250000	0.080141
140.800000	0.070887
141.350000	0.063953
141.900000	0.046630
142.450000	0.048539
143.000000	0.049765
143.550000	0.051349
144.100000	0.052425
144.650000	0.053104
145.200000	0.054275
145.750000	0.055045
146.300000	0.056087
146.850000	
147.400000	
147.950000	
148.500000	
149.050000	
149.600000	
150.150000	
150.700000	
151.250000	
151.800000	
152.350000	
152.900000	
153.450000	
154.000000	
154.550000	
155.100000	
155.650000	
156.200000	
156.750000	
157.300000	
157.850000	
158.400000	
158.950000	
159.500000	
160.050000	
160.600000	
161.150000	
161.700000	
162.250000	
162.800000	
163.350000	
163.900000	
164.450000	
165.000000	
165.550000	
166.100000	
166.650000	
167.200000	
167.750000	
168.300000	
168.850000	
169.400000	
169.950000	
170.500000	
171.050000	
171.600000	
172.150000	
172.700000	
173.250000	
173.800000	
174.350000	
174.900000	
175.450000	
176.000000	
176.550000	
177.100000	
177.650000	
178.200000	
178.750000	
179.300000	
179.850000	
180.400000	
180.950000	
181.500000	
182.050000	
182.600000	
183.150000	
183.700000	
184.250000	
184.800000	
185.350000	
185.900000	
186.450000	
187.000000	
187.550000	
188.100000	
188.650000	
189.200000	
189.750000	
190.300000	
190.850000	
191.400000	
191.950000	
192.500000	
193.050000	
193.600000	
194.150000	
194.700000	
195.250000	
195.800000	
196.350000	
196.900000	
197.450000	
198.000000	
198.550000	
199.100000	
199.650000	
200.200000	
200.750000	
201.300000	
201.850000	
202.400000	
202.950000	
203.500000	
204.050000	
204.600000	
205.150000	
205.700000	
206.250000	
206.800000	
207.350000	
207.900000	
208.450000	
209.000000	
209.550000	
210.100000	
210.650000	
211.200000	
211.750000	
212.300000	
212.850000	
213.400000	
213.950000	
214.500000	
215.050000	
215.600000	
216.150000	
216.700000	
217.250000	
217.800000	
218.350000	
218.900000	
219.450000	
220.000000	
220.550000	
221.100000	
221.650000	
222.200000	
222.750000	
223.300000	
223.850000	
224.400000	
224.950000	
225.500000	
226.050000	
226.600000	
227.150000	
227.700000	
228.250000	
228.800000	
229.350000	
229.900000	
230.450000	
231.000000	
231.550000	
232.100000	
232.650000	
233.200000	
233.750000	
234.300000	
234.850000	
235.400000	
235.950000	
236.500000	
237.050000	
237.600000	
238.150000	
238.700000	
239.250000	
239.800000	
240.350000	
240.900000	
241.450000	
242.000000	
242.550000	
243.100000	
243.650000	
244.200000	
244.750000	
245.300000	
245.850000	
246.400000	
246.950000	
247.500000	
248.050000	
248.600000	
249.150000	
249.700000	
250.250000	
250.800000	
251.350000	
251.900000	
252.450000	
253.000000	
253.550000	
254.100000	
254.650000	
255.200000	
255.750000	
256.300000	
256.850000	
257.400000	
257.950000	
258.500000	
259.050000	
259.600000	
260.150000	
260.700000	
261.250000	
261.800000	
262.350000	
262.900000	
263.450000	
264.000000	
264.550000	
265.100000	
265.650000	
266.200000	
266.750000	
267.300000	
267.850000	
268.400000	
268.950000	
269.500000	
270.050000	
270.600000	
271.150000	
271.700000	
272.250000	
272.800000	
273.350000	
273.900000	
274.450000	
275.000000	
275.550000	
276.100000	
276.650000	
277.200000	
277.750000	
278.300000	
278.850000	
279.400000	
279.950000	
280.500000	
281.050000	
281.600000	
282.150000	
282.700000	
283.250000	
283.800000	
284.350000	
284.900000	
285.450000	
286.000000	
286.550000	
287.100000	
287.650000	
288.200000	
288.750000	
289.300000	
289.850000	
290.400000	
290.950000	
291.500000	
292.050000	
292.600000	
293.150000	
293.700000	
294.250000	
294.800000	
295.350000	
295.900000	
296.450000	
297.000000	
297.550000	
298.100000	
298.650000	
299.200000	
299.750000	
300.300000	
300.850000	
301.400000	
301.950000	
302.500000	
303.050000	
303.600000	
304.150000	
304.700000	
305.250000	
305.800000	
306.350000	
306.900000	
307.450000	
308.000000	
308.550000	
309.100000	
309.650000	
310.200000	
310.750000	
311.300000	
311.850000	
312.400000	
312.950000	
313.500000	
314.050000	
314.600000	
