This file was generated using SpermQ_Evaluator, a java application by Jan Niklas Hansen (© 2017 - 2020) (for credits see: https://github.com/IIIImaging/SpermQ_Evaluator).
Date of processing:	2021-02-15	21:11:42

This file contains the kymograph results for the parameter angle theta:
	Rabbit delta 78 heterozygote014_SpQP_spq_210215_204725
minimum	7.325275
maximum	357.987366
average	168.891006
median	129.682709
time
0.000000	268.188507
0.005000	258.490051
0.010000	268.587097
0.015000	249.031601
0.020000	252.659470
0.025000	249.473450
0.030000	252.287308
0.035000	251.410965
0.040000	252.939392
0.045000	260.889587
0.050000	265.968353
0.055000	273.448914
0.060000	273.871674
0.065000	282.341827
0.070000	284.386536
0.075000	290.214722
0.080000	293.119934
0.085000	293.422516
0.090000	300.711731
0.095000	299.600983
0.100000	258.517548
0.105000	323.562408
0.110000	295.936249
0.115000	285.398041
0.120000	284.183563
0.125000	238.616333
0.130000	271.538635
0.135000	266.184631
0.140000	266.652008
0.145000	258.334961
0.150000	259.229065
0.155000	254.203217
0.160000	252.793182
0.165000	249.975632
0.170000	252.716934
0.175000	262.383728
0.180000	263.304962
0.185000	268.070892
0.190000	274.469940
0.195000	280.057251
0.200000	280.694183
0.205000	292.901215
0.210000	96.875885
0.215000	247.977814
0.220000	295.639862
0.225000	291.775055
0.230000	296.275635
0.235000	292.378632
0.240000	247.688812
0.245000	287.298553
0.250000	237.393845
0.255000	117.129074
0.260000	240.297058
0.265000	270.165771
0.270000	264.196167
0.275000	258.417206
0.280000	259.036682
0.285000	254.049362
0.290000	254.611526
0.295000	58.800598
0.300000	256.076965
0.305000	259.353607
0.310000	275.381104
0.315000	69.445503
0.320000	213.296326
0.325000	268.088593
0.330000	122.626167
0.335000	305.080353
0.340000	294.099915
0.345000	249.209686
0.350000	258.359436
0.355000	295.783783
0.360000	298.043610
0.365000	295.733307
0.370000	313.651031
0.375000	314.323578
0.380000	328.072571
0.385000	229.550064
0.390000	192.673630
0.395000	331.833191
0.400000	278.046448
0.405000	251.600113
0.410000	279.301422
0.415000	258.298981
0.420000	255.371231
0.425000	281.800049
0.430000	262.890045
0.435000	262.316223
0.440000	59.546284
0.445000	186.750702
0.450000	312.312378
0.455000	296.606567
0.460000	327.159912
0.465000	209.256760
0.470000	38.429558
0.475000	355.404968
0.480000	345.218292
0.485000	323.487915
0.490000	70.915932
0.495000	341.653809
0.500000	287.900665
0.505000	349.012024
0.510000	285.982483
0.515000	78.870186
0.520000	266.313568
0.525000	307.398376
0.530000	12.578291
0.535000	106.293465
0.540000	218.160736
0.545000	161.294617
0.550000	228.060623
0.555000	295.301971
0.560000	328.748688
0.565000	177.464371
0.570000	143.071518
0.575000	276.376312
0.580000	357.736328
0.585000	301.733582
0.590000	228.790436
0.595000	260.926666
0.600000	43.557598
0.605000	19.515917
0.610000	119.526077
0.615000	357.987366
0.620000	273.855377
0.625000	34.199127
0.630000	7.325275
0.635000	100.473106
0.640000	19.396681
0.645000	238.199005
0.650000	159.685394
0.655000	294.441376
0.660000	223.357346
0.665000	43.660686
0.670000	170.246262
0.675000	105.679817
0.680000	240.605988
0.685000	354.988342
0.690000	39.853031
0.695000	57.992516
0.700000	306.672974
0.705000	256.919067
0.710000	59.445179
0.715000	300.346863
0.720000	257.836609
0.725000	350.312012
0.730000	46.815369
0.735000	116.492889
0.740000	144.260925
0.745000	349.010498
0.750000	76.784409
0.755000	120.411430
0.760000	275.582367
0.765000	290.298523
0.770000	111.577278
0.775000	189.281784
0.780000	343.803314
0.785000	122.602295
0.790000	85.754471
0.795000	123.196785
0.800000	122.261925
0.805000	45.953590
0.810000	322.930450
0.815000	22.355516
0.820000	232.611877
0.825000	83.783531
0.830000	78.971077
0.835000	139.712982
0.840000	140.089386
0.845000	100.772575
0.850000	197.118637
0.855000	83.852791
0.860000	56.894814
0.865000	127.328209
0.870000	112.558334
0.875000	125.367401
0.880000	122.498070
0.885000	229.925980
0.890000	206.147537
0.895000	59.029259
0.900000	97.349556
0.905000	267.115173
0.910000	187.978851
0.915000	129.336014
0.920000	222.052734
0.925000	72.484772
0.930000	141.656006
0.935000	130.955338
0.940000	347.266052
0.945000	131.814255
0.950000	107.107224
0.955000	285.984924
0.960000	56.256470
0.965000	334.607300
0.970000	178.753830
0.975000	308.078888
0.980000	111.893379
0.985000	334.417328
0.990000	73.152870
0.995000	103.457336
1.000000	74.610153
1.005000	157.587509
1.010000	97.187515
1.015000	80.669586
1.020000	98.058235
1.025000	129.689041
1.030000	114.412949
1.035000	57.348743
1.040000	142.334625
1.045000	162.046371
1.050000	127.122475
1.055000	165.438843
1.060000	119.560204
1.065000	75.420242
1.070000	118.953697
1.075000	135.534012
1.080000	61.581478
1.085000	166.973541
1.090000	87.409355
1.095000	131.540482
1.100000	121.394211
1.105000	54.960716
1.110000	134.454849
1.115000	188.020660
1.120000	94.688965
1.125000	25.287128
1.130000	59.638123
1.135000	113.086647
1.140000	26.986795
1.145000	116.038574
1.150000	160.173752
1.155000	100.761436
1.160000	201.377853
1.165000	119.636642
1.170000	217.553848
1.175000	172.902756
1.180000	171.105743
1.185000	142.608322
1.190000	106.321381
1.195000	76.572891
1.200000	133.359741
1.205000	12.973745
1.210000	18.767126
1.215000	17.476433
1.220000	110.770424
1.225000	346.150238
1.230000	178.592499
1.235000	86.102547
1.240000	63.146561
1.245000	77.536514
1.250000	88.910439
1.255000	131.803970
1.260000	195.390640
1.265000	33.030575
1.270000	143.099701
1.275000	191.159714
1.280000	270.548035
1.285000	269.205078
1.290000	241.185242
1.295000	94.841263
1.300000	102.572205
1.305000	110.478493
1.310000	231.311615
1.315000	82.080666
1.320000	89.831932
1.325000	53.720272
1.330000	52.240891
1.335000	114.870461
1.340000	142.639587
1.345000	136.018539
1.350000	133.761932
1.355000	148.857193
1.360000	44.699078
1.365000	58.921654
1.370000	134.485626
1.375000	256.881073
1.380000	133.179779
1.385000	300.820038
1.390000	44.840981
1.395000	48.132969
1.400000	130.729218
1.405000	121.803909
1.410000	127.090912
1.415000	107.789024
1.420000	91.612190
1.425000	97.113106
1.430000	132.767319
1.435000	97.647400
1.440000	353.095551
1.445000	179.525269
1.450000	123.688599
1.455000	101.942581
1.460000	187.900360
1.465000	109.617889
1.470000	129.439743
1.475000	21.030071
1.480000	116.763344
1.485000	68.368515
1.490000	55.397388
1.495000	57.795975
1.500000	115.276596
1.505000	289.906006
1.510000	90.109459
1.515000	121.510345
1.520000	124.763268
1.525000	110.660118
1.530000	126.775589
1.535000	93.219528
1.540000	86.292274
1.545000	119.929382
1.550000	118.112816
1.555000	118.071640
1.560000	144.265594
1.565000	106.798424
1.570000	104.298096
1.575000	132.458588
1.580000	124.953049
1.585000	97.565399
1.590000	93.885307
1.595000	108.545074
1.600000	112.185921
1.605000	117.900101
1.610000	113.923141
1.615000	134.758072
1.620000	133.250626
1.625000	47.607513
1.630000	122.479797
1.635000	348.266846
1.640000	90.023552
1.645000	123.588043
1.650000	79.586220
1.655000	127.905296
1.660000	122.127342
1.665000	115.554581
1.670000	108.398605
1.675000	124.138405
1.680000	115.184509
1.685000	97.384377
1.690000	104.924667
1.695000	100.628944
1.700000	88.356369
1.705000	97.828201
1.710000	95.391571
1.715000	107.104324
1.720000	103.364738
1.725000	114.195953
1.730000	115.319504
1.735000	119.771599
1.740000	120.328606
1.745000	134.545471
1.750000	126.755836
1.755000	136.184753
1.760000	129.676392
1.765000	126.836899
1.770000	127.099815
1.775000	127.279152
1.780000	130.160690
1.785000	127.183784
1.790000	127.477737
1.795000	131.842041
1.800000	122.892296
1.805000	115.277573
1.810000	116.328194
1.815000	114.878563
1.820000	105.992310
1.825000	99.150673
1.830000	97.870590
1.835000	100.142593
1.840000	97.261810
1.845000	124.108147
1.850000	96.533173
1.855000	119.001556
1.860000	108.733620
1.865000	110.055481
1.870000	121.931229
1.875000	125.369156
1.880000	126.654587
1.885000	130.108551
1.890000	130.981598
1.895000	127.659950
1.900000	124.582764
1.905000	123.596878
1.910000	128.937073
1.915000	129.047379
1.920000	118.674377
1.925000	114.390251
1.930000	113.535156
1.935000	102.331818
1.940000	109.526108
1.945000	86.399300
1.950000	116.437660
1.955000	118.185402
1.960000	95.363426
1.965000	95.333321
1.970000	121.374565
1.975000	101.919640
1.980000	105.292091
1.985000	104.315102
1.990000	100.585518
1.995000	125.489204
