This file was generated using SpermQ_Evaluator, a java application by Jan Niklas Hansen (© 2017 - 2020) (for credits see: https://github.com/IIIImaging/SpermQ_Evaluator).
Date of processing:	2021-02-15	21:11:42

This file contains the kymograph results for the parameter X:
Results Amplitude:
arc length	Rabbit delta 78 heterozygote014_SpQP_spq_210215_204725
0.000000	0.200495
0.550000	0.939328
1.100000	1.595762
1.650000	2.383031
2.200000	3.025494
2.750000	3.123900
3.300000	3.025978
3.850000	3.601469
4.400000	3.913646
4.950000	4.037705
5.500000	3.995146
6.050000	4.020727
6.600000	4.120443
7.150000	2.695376
7.700000	2.689564
8.250000	2.818642
8.800000	3.059519
9.350000	3.267387
9.900000	3.606676
10.450000	4.006766
11.000000	5.671330
11.550000	5.802373
12.100000	6.202107
12.650000	6.960595
13.200000	7.491614
13.750000	8.196619
14.300000	9.035746
14.850000	9.993803
15.400000	10.421308
15.950000	10.627114
16.500000	11.088140
17.050000	11.721532
17.600000	12.319740
18.150000	12.857084
18.700000	13.277729
19.250000	13.672074
19.800000	14.077438
20.350000	14.505477
20.900000	14.984079
21.450000	15.851117
22.000000	16.558393
22.550000	17.416172
23.100000	18.445176
23.650000	19.422115
24.200000	19.994105
24.750000	20.162130
25.300000	20.361383
25.850000	20.464921
26.400000	21.127956
26.950000	21.698615
27.500000	22.062183
28.050000	22.445145
28.600000	22.806902
29.150000	23.129125
29.700000	23.502537
30.250000	23.909924
30.800000	24.214953
31.350000	24.483988
31.900000	24.798213
32.450000	29.782196
33.000000	30.371526
33.550000	30.993305
34.100000	31.619439
34.650000	32.488549
35.200000	33.345302
35.750000	34.322787
36.300000	35.178818
36.850000	36.184244
37.400000	37.170474
37.950000	38.108420
38.500000	39.016576
39.050000	39.710882
39.600000	40.665777
40.150000	41.681044
40.700000	42.396575
41.250000	43.712178
41.800000	44.679803
42.350000	45.881412
42.900000	47.085380
43.450000	46.756754
44.000000	49.198103
44.550000	50.224680
45.100000	51.244581
45.650000	52.260438
46.200000	53.283786
46.750000	54.178602
47.300000	55.204234
47.850000	54.766806
48.400000	55.621966
48.950000	56.414060
49.500000	57.247405
50.050000	55.485580
50.600000	58.913465
51.150000	59.663375
51.700000	60.393390
52.250000	61.127415
52.800000	64.701950
53.350000	65.634615
53.900000	66.462396
54.450000	67.220595
55.000000	68.142732
55.550000	69.035723
56.100000	69.752775
56.650000	70.263043
57.200000	70.956316
57.750000	71.428042
58.300000	71.773133
58.850000	72.158562
59.400000	72.425917
59.950000	72.630903
60.500000	72.824029
61.050000	70.315826
61.600000	70.694061
62.150000	74.076021
62.700000	71.575154
63.250000	75.102533
63.800000	75.193945
64.350000	76.794679
64.900000	77.455656
65.450000	78.201849
66.000000	75.834739
66.550000	80.103192
67.100000	80.997259
67.650000	81.960991
68.200000	82.964197
68.750000	83.957658
69.300000	85.549798
69.850000	86.375238
70.400000	87.283248
70.950000	88.420999
71.500000	89.418065
72.050000	90.492185
72.600000	91.501389
73.150000	92.525765
73.700000	93.530241
74.250000	93.350913
74.800000	75.401708
75.350000	96.777379
75.900000	97.981741
76.450000	98.951887
77.000000	82.210766
77.550000	80.905421
78.100000	81.983832
78.650000	85.704446
79.200000	86.605246
79.750000	87.442033
80.300000	88.840071
80.850000	89.618947
81.400000	90.649612
81.950000	91.854716
82.500000	92.941494
83.050000	93.845628
83.600000	94.987929
84.150000	96.127361
84.700000	97.142611
85.250000	98.046223
85.800000	99.242227
86.350000	100.213660
86.900000	101.220946
87.450000	102.298655
88.000000	103.263263
88.550000	104.156047
89.100000	105.152852
89.650000	106.228809
90.200000	107.266487
90.750000	108.188938
91.300000	108.928905
91.850000	109.776785
92.400000	110.686193
92.950000	111.539293
93.500000	112.173484
94.050000	112.931920
94.600000	113.624471
95.150000	114.360989
95.700000	115.059899
96.250000	115.698091
96.800000	116.466800
97.350000	117.173365
97.900000	117.746164
98.450000	118.588989
99.000000	119.328864
99.550000	120.051684
100.100000	120.283501
100.650000	120.138890
101.200000	120.072061
101.750000	119.949192
102.300000	124.247347
102.850000	119.943980
103.400000	126.264484
103.950000	127.154754
104.500000	128.476979
105.050000	129.481145
105.600000	130.487756
106.150000	129.607162
106.700000	132.530181
107.250000	133.502274
107.800000	133.527731
108.350000	133.403964
108.900000	133.369139
109.450000	133.350242
110.000000	133.264642
110.550000	133.227571
111.100000	133.896091
111.650000	134.699936
112.200000	135.327189
112.750000	135.974185
113.300000	136.533326
113.850000	136.016111
114.400000	136.899280
114.950000	137.788693
115.500000	138.570317
116.050000	135.523063
116.600000	140.140547
117.150000	140.666732
117.700000	141.179692
118.250000	141.540373
118.800000	141.924239
119.350000	142.336143
119.900000	142.716590
120.450000	133.811567
121.000000	143.503825
121.550000	143.782682
122.100000	144.216683
122.650000	144.599295
123.200000	144.951142
123.750000	145.315797
124.300000	145.681273
124.850000	145.636739
125.400000	145.856285
125.950000	145.928577
126.500000	145.882341
127.050000	146.067489
127.600000	146.207743
128.150000	146.264566
128.700000	146.297374
129.250000	146.409718
129.800000	135.837934
130.350000	146.760625
130.900000	146.994438
131.450000	135.893870
132.000000	136.070531
132.550000	136.254983
133.100000	137.455846
133.650000	148.307950
134.200000	138.521171
134.750000	150.552493
135.300000	151.452328
135.850000	152.349709
136.400000	137.294272
136.950000	154.178768
137.500000	155.268915
138.050000	156.515689
138.600000	157.606078
139.150000	158.580762
139.700000	159.625457
140.250000	160.580092
140.800000	161.521466
141.350000	162.387964
141.900000	73.565728
142.450000	71.858848
143.000000	71.899926
143.550000	74.434892
144.100000	71.886898
144.650000	71.796823
145.200000	71.568983
145.750000	71.221964
146.300000	70.830374
146.850000	
147.400000	
147.950000	
148.500000	
149.050000	
149.600000	
150.150000	
150.700000	
151.250000	
151.800000	
152.350000	
152.900000	
153.450000	
154.000000	
154.550000	
155.100000	
155.650000	
156.200000	
156.750000	
157.300000	
157.850000	
158.400000	
158.950000	
159.500000	
160.050000	
160.600000	
161.150000	
161.700000	
162.250000	
162.800000	
163.350000	
163.900000	
164.450000	
165.000000	
165.550000	
166.100000	
166.650000	
167.200000	
167.750000	
168.300000	
168.850000	
169.400000	
169.950000	
170.500000	
171.050000	
171.600000	
172.150000	
172.700000	
173.250000	
173.800000	
174.350000	
174.900000	
175.450000	
176.000000	
176.550000	
177.100000	
177.650000	
178.200000	
178.750000	
179.300000	
179.850000	
180.400000	
180.950000	
181.500000	
182.050000	
182.600000	
183.150000	
183.700000	
184.250000	
184.800000	
185.350000	
185.900000	
186.450000	
187.000000	
187.550000	
188.100000	
188.650000	
189.200000	
189.750000	
190.300000	
190.850000	
191.400000	
191.950000	
192.500000	
193.050000	
193.600000	
194.150000	
194.700000	
195.250000	
195.800000	
196.350000	
196.900000	
197.450000	
198.000000	
198.550000	
199.100000	
199.650000	
200.200000	
200.750000	
201.300000	
201.850000	
202.400000	
202.950000	
203.500000	
204.050000	
204.600000	
205.150000	
205.700000	
206.250000	
206.800000	
207.350000	
207.900000	
208.450000	
209.000000	
209.550000	
210.100000	
210.650000	
211.200000	
211.750000	
212.300000	
212.850000	
213.400000	
213.950000	
214.500000	
215.050000	
215.600000	
216.150000	
216.700000	
217.250000	
217.800000	
218.350000	
218.900000	
219.450000	
220.000000	
220.550000	
221.100000	
221.650000	
222.200000	
222.750000	
223.300000	
223.850000	
224.400000	
224.950000	
225.500000	
226.050000	
226.600000	
227.150000	
227.700000	
228.250000	
228.800000	
229.350000	
229.900000	
230.450000	
231.000000	
231.550000	
232.100000	
232.650000	
233.200000	
233.750000	
234.300000	
234.850000	
235.400000	
235.950000	
236.500000	
237.050000	
237.600000	
238.150000	
238.700000	
239.250000	
239.800000	
240.350000	
240.900000	
241.450000	
242.000000	
242.550000	
243.100000	
243.650000	
244.200000	
244.750000	
245.300000	
245.850000	
246.400000	
246.950000	
247.500000	
248.050000	
248.600000	
249.150000	
249.700000	
250.250000	
250.800000	
251.350000	
251.900000	
252.450000	
253.000000	
253.550000	
254.100000	
254.650000	
255.200000	
255.750000	
256.300000	
256.850000	
257.400000	
257.950000	
258.500000	
259.050000	
259.600000	
260.150000	
260.700000	
261.250000	
261.800000	
262.350000	
262.900000	
263.450000	
264.000000	
264.550000	
265.100000	
265.650000	
266.200000	
266.750000	
267.300000	
267.850000	
268.400000	
268.950000	
269.500000	
270.050000	
270.600000	
271.150000	
271.700000	
272.250000	
272.800000	
273.350000	
273.900000	
274.450000	
275.000000	
275.550000	
276.100000	
276.650000	
277.200000	
277.750000	
278.300000	
278.850000	
279.400000	
279.950000	
280.500000	
281.050000	
281.600000	
282.150000	
282.700000	
283.250000	
283.800000	
284.350000	
284.900000	
285.450000	
286.000000	
286.550000	
287.100000	
287.650000	
288.200000	
288.750000	
289.300000	
289.850000	
290.400000	
290.950000	
291.500000	
292.050000	
292.600000	
293.150000	
293.700000	
294.250000	
294.800000	
295.350000	
295.900000	
296.450000	
297.000000	
297.550000	
298.100000	
298.650000	
299.200000	
299.750000	
300.300000	
300.850000	
301.400000	
301.950000	
302.500000	
303.050000	
303.600000	
304.150000	
304.700000	
305.250000	
305.800000	
306.350000	
306.900000	
307.450000	
308.000000	
308.550000	
309.100000	
309.650000	
310.200000	
310.750000	
311.300000	
311.850000	
312.400000	
312.950000	
313.500000	
314.050000	
314.600000	
