This file was generated using SpermQ_Evaluator, a java application by Jan Niklas Hansen (© 2017 - 2020) (for credits see: https://github.com/IIIImaging/SpermQ_Evaluator).
Date of processing:	2021-02-15	21:11:42

This file contains the kymograph results for the parameter X:
Results Average:
arc length	Rabbit delta 78 heterozygote014_SpQP_spq_210215_204725
0.000000	0.070667
0.550000	0.433744
1.100000	0.896063
1.650000	1.390120
2.200000	1.901437
2.750000	2.415027
3.300000	2.951385
3.850000	3.493694
4.400000	4.016696
4.950000	4.537572
5.500000	5.072308
6.050000	5.606236
6.600000	6.120922
7.150000	6.670819
7.700000	7.163333
8.250000	7.663272
8.800000	8.149503
9.350000	8.622166
9.900000	9.098846
10.450000	9.554241
11.000000	9.959891
11.550000	10.393789
12.100000	10.837485
12.650000	11.276971
13.200000	11.709300
13.750000	12.121805
14.300000	12.542690
14.850000	12.972825
15.400000	13.384459
15.950000	13.766931
16.500000	14.194684
17.050000	14.583849
17.600000	14.979645
18.150000	15.364828
18.700000	15.773398
19.250000	16.158708
19.800000	16.519186
20.350000	16.895010
20.900000	17.262365
21.450000	17.687658
22.000000	18.005316
22.550000	18.329853
23.100000	18.676752
23.650000	19.003830
24.200000	19.360887
24.750000	19.695267
25.300000	20.035740
25.850000	20.242006
26.400000	20.601963
26.950000	20.857379
27.500000	20.983709
28.050000	21.352886
28.600000	21.667901
29.150000	21.943951
29.700000	22.021921
30.250000	22.247980
30.800000	22.428391
31.350000	22.656692
31.900000	22.943092
32.450000	23.128211
33.000000	23.466221
33.550000	23.603600
34.100000	23.624970
34.650000	23.950696
35.200000	24.157147
35.750000	24.325055
36.300000	
36.850000	
37.400000	
37.950000	
38.500000	
39.050000	
39.600000	
40.150000	
40.700000	
41.250000	
41.800000	
42.350000	
42.900000	
43.450000	
44.000000	
44.550000	
45.100000	
45.650000	
46.200000	
46.750000	
47.300000	
47.850000	
48.400000	
48.950000	
49.500000	
50.050000	
50.600000	
51.150000	
51.700000	
52.250000	
52.800000	
53.350000	
53.900000	
54.450000	
55.000000	
55.550000	
56.100000	
56.650000	
57.200000	
57.750000	
58.300000	
58.850000	
59.400000	
59.950000	
60.500000	
61.050000	
61.600000	
62.150000	
62.700000	
63.250000	
63.800000	
64.350000	
64.900000	
65.450000	
66.000000	
66.550000	
67.100000	
67.650000	
68.200000	
68.750000	
69.300000	
69.850000	
70.400000	
70.950000	
71.500000	
72.050000	
72.600000	
73.150000	
73.700000	
74.250000	
74.800000	
75.350000	
75.900000	
76.450000	
77.000000	
77.550000	
78.100000	
78.650000	
79.200000	
79.750000	
80.300000	
80.850000	
81.400000	
81.950000	
82.500000	
83.050000	
83.600000	
84.150000	
84.700000	
85.250000	
85.800000	
86.350000	
86.900000	
87.450000	
88.000000	
88.550000	
89.100000	
89.650000	
90.200000	
90.750000	
91.300000	
91.850000	
92.400000	
92.950000	
93.500000	
94.050000	
94.600000	
95.150000	
95.700000	
96.250000	
96.800000	
97.350000	
97.900000	
98.450000	
99.000000	
99.550000	
100.100000	
100.650000	
101.200000	
101.750000	
102.300000	
102.850000	
103.400000	
103.950000	
104.500000	
105.050000	
105.600000	
106.150000	
106.700000	
107.250000	
107.800000	
108.350000	
108.900000	
109.450000	
110.000000	
110.550000	
111.100000	
111.650000	
112.200000	
112.750000	
113.300000	
113.850000	
114.400000	
114.950000	
115.500000	
116.050000	
116.600000	
117.150000	
117.700000	
118.250000	
118.800000	
119.350000	
119.900000	
120.450000	
121.000000	
121.550000	
122.100000	
122.650000	
123.200000	
123.750000	
124.300000	
124.850000	
125.400000	
125.950000	
126.500000	
127.050000	
127.600000	
128.150000	
128.700000	
129.250000	
129.800000	
130.350000	
130.900000	
131.450000	
132.000000	
132.550000	
133.100000	
133.650000	
134.200000	
134.750000	
135.300000	
135.850000	
136.400000	
136.950000	
137.500000	
138.050000	
138.600000	
139.150000	
139.700000	
140.250000	
140.800000	
141.350000	
141.900000	
142.450000	
143.000000	
143.550000	
144.100000	
144.650000	
145.200000	
145.750000	
146.300000	
146.850000	
147.400000	
147.950000	
148.500000	
149.050000	
149.600000	
150.150000	
150.700000	
151.250000	
151.800000	
152.350000	
152.900000	
153.450000	
154.000000	
154.550000	
155.100000	
155.650000	
156.200000	
156.750000	
157.300000	
157.850000	
158.400000	
158.950000	
159.500000	
160.050000	
160.600000	
161.150000	
161.700000	
162.250000	
162.800000	
163.350000	
163.900000	
164.450000	
165.000000	
165.550000	
166.100000	
166.650000	
167.200000	
167.750000	
168.300000	
168.850000	
169.400000	
169.950000	
170.500000	
171.050000	
171.600000	
172.150000	
172.700000	
173.250000	
173.800000	
174.350000	
174.900000	
175.450000	
176.000000	
176.550000	
177.100000	
177.650000	
178.200000	
178.750000	
179.300000	
179.850000	
180.400000	
180.950000	
181.500000	
182.050000	
182.600000	
183.150000	
183.700000	
184.250000	
184.800000	
185.350000	
185.900000	
186.450000	
187.000000	
187.550000	
188.100000	
188.650000	
189.200000	
189.750000	
190.300000	
190.850000	
191.400000	
191.950000	
192.500000	
193.050000	
193.600000	
194.150000	
194.700000	
195.250000	
195.800000	
196.350000	
196.900000	
197.450000	
198.000000	
198.550000	
199.100000	
199.650000	
200.200000	
200.750000	
201.300000	
201.850000	
202.400000	
202.950000	
203.500000	
204.050000	
204.600000	
205.150000	
205.700000	
206.250000	
206.800000	
207.350000	
207.900000	
208.450000	
209.000000	
209.550000	
210.100000	
210.650000	
211.200000	
211.750000	
212.300000	
212.850000	
213.400000	
213.950000	
214.500000	
215.050000	
215.600000	
216.150000	
216.700000	
217.250000	
217.800000	
218.350000	
218.900000	
219.450000	
220.000000	
220.550000	
221.100000	
221.650000	
222.200000	
222.750000	
223.300000	
223.850000	
224.400000	
224.950000	
225.500000	
226.050000	
226.600000	
227.150000	
227.700000	
228.250000	
228.800000	
229.350000	
229.900000	
230.450000	
231.000000	
231.550000	
232.100000	
232.650000	
233.200000	
233.750000	
234.300000	
234.850000	
235.400000	
235.950000	
236.500000	
237.050000	
237.600000	
238.150000	
238.700000	
239.250000	
239.800000	
240.350000	
240.900000	
241.450000	
242.000000	
242.550000	
243.100000	
243.650000	
244.200000	
244.750000	
245.300000	
245.850000	
246.400000	
246.950000	
247.500000	
248.050000	
248.600000	
249.150000	
249.700000	
250.250000	
250.800000	
251.350000	
251.900000	
252.450000	
253.000000	
253.550000	
254.100000	
254.650000	
255.200000	
255.750000	
256.300000	
256.850000	
257.400000	
257.950000	
258.500000	
259.050000	
259.600000	
260.150000	
260.700000	
261.250000	
261.800000	
262.350000	
262.900000	
263.450000	
264.000000	
264.550000	
265.100000	
265.650000	
266.200000	
266.750000	
267.300000	
267.850000	
268.400000	
268.950000	
269.500000	
270.050000	
270.600000	
271.150000	
271.700000	
272.250000	
272.800000	
273.350000	
273.900000	
274.450000	
275.000000	
275.550000	
276.100000	
276.650000	
277.200000	
277.750000	
278.300000	
278.850000	
279.400000	
279.950000	
280.500000	
281.050000	
281.600000	
282.150000	
282.700000	
283.250000	
283.800000	
284.350000	
284.900000	
285.450000	
286.000000	
286.550000	
287.100000	
287.650000	
288.200000	
288.750000	
289.300000	
289.850000	
290.400000	
290.950000	
291.500000	
292.050000	
292.600000	
293.150000	
293.700000	
294.250000	
294.800000	
295.350000	
295.900000	
296.450000	
297.000000	
297.550000	
298.100000	
298.650000	
299.200000	
299.750000	
300.300000	
300.850000	
301.400000	
301.950000	
302.500000	
303.050000	
303.600000	
304.150000	
304.700000	
305.250000	
305.800000	
306.350000	
306.900000	
307.450000	
308.000000	
308.550000	
309.100000	
309.650000	
310.200000	
310.750000	
311.300000	
311.850000	
312.400000	
312.950000	
313.500000	
314.050000	
314.600000	
