This file was generated using SpermQ_Evaluator, a java application by Jan Niklas Hansen (© 2017 - 2020) (for credits see: https://github.com/IIIImaging/SpermQ_Evaluator).
Date of processing:	2021-02-15	21:11:42

This file contains the kymograph results for the parameter X:
Results Maximum:
arc length	Rabbit delta 78 heterozygote014_SpQP_spq_210215_204725
0.000000	0.126614
0.550000	0.663901
1.100000	1.165812
1.650000	1.739927
2.200000	2.283639
2.750000	2.838965
3.300000	3.381959
3.850000	3.984419
4.400000	4.474862
4.950000	5.017220
5.500000	5.587217
6.050000	6.109780
6.600000	6.676111
7.150000	7.209876
7.700000	7.773016
8.250000	8.267777
8.800000	8.870309
9.350000	9.400303
9.900000	9.964100
10.450000	10.486121
11.000000	11.027051
11.550000	11.583523
12.100000	12.157075
12.650000	12.666832
13.200000	13.233688
13.750000	13.780284
14.300000	14.337262
14.850000	14.866996
15.400000	15.381217
15.950000	15.987206
16.500000	16.534046
17.050000	17.090978
17.600000	17.625654
18.150000	18.182412
18.700000	18.683122
19.250000	19.201103
19.800000	19.760810
20.350000	20.322425
20.900000	20.808718
21.450000	21.408501
22.000000	21.964925
22.550000	22.499636
23.100000	23.039402
23.650000	23.579931
24.200000	24.093472
24.750000	24.633449
25.300000	25.237279
25.850000	25.682566
26.400000	26.332300
26.950000	26.921369
27.500000	27.356214
28.050000	27.894162
28.600000	28.441672
29.150000	28.954462
29.700000	29.525690
30.250000	30.138001
30.800000	30.646831
31.350000	31.126931
31.900000	31.670526
32.450000	32.177036
33.000000	32.682322
33.550000	33.193542
34.100000	33.693371
34.650000	34.205902
35.200000	34.726282
35.750000	35.269065
36.300000	35.793162
36.850000	36.396588
37.400000	36.974227
37.950000	37.485714
38.500000	37.990093
39.050000	38.241331
39.600000	38.701550
40.150000	39.267927
40.700000	39.505194
41.250000	40.394721
41.800000	40.897514
42.350000	41.396096
42.900000	42.058000
43.450000	42.525469
44.000000	43.083806
44.550000	43.583487
45.100000	44.137614
45.650000	44.619628
46.200000	45.135666
46.750000	45.614814
47.300000	46.089197
47.850000	46.569276
48.400000	47.104585
48.950000	47.626525
49.500000	48.122793
50.050000	48.626624
50.600000	49.141253
51.150000	49.660578
51.700000	50.140507
52.250000	50.632689
52.800000	51.118307
53.350000	51.696339
53.900000	52.211405
54.450000	52.719709
55.000000	53.226067
55.550000	53.808650
56.100000	54.304951
56.650000	54.788625
57.200000	55.276163
57.750000	55.595953
58.300000	55.868139
58.850000	56.128292
59.400000	56.299400
59.950000	56.493654
60.500000	56.669687
61.050000	56.919287
61.600000	57.314861
62.150000	57.804001
62.700000	58.301138
63.250000	58.846020
63.800000	59.037465
64.350000	59.694153
64.900000	59.933588
65.450000	60.267392
66.000000	60.649743
66.550000	61.059119
67.100000	61.504036
67.650000	61.939156
68.200000	62.433718
68.750000	62.898180
69.300000	63.915923
69.850000	64.366920
70.400000	64.817864
70.950000	65.327014
71.500000	65.871210
72.050000	66.405809
72.600000	66.891283
73.150000	67.440693
73.700000	67.907386
74.250000	67.181033
74.800000	68.021725
75.350000	69.597678
75.900000	70.131051
76.450000	70.757756
77.000000	72.741525
77.550000	70.831153
78.100000	71.356219
78.650000	74.639070
79.200000	75.039574
79.750000	75.325454
80.300000	76.076782
80.850000	76.458372
81.400000	76.984334
81.950000	77.541528
82.500000	78.071317
83.050000	78.461163
83.600000	79.024956
84.150000	79.698140
84.700000	80.171639
85.250000	80.485407
85.800000	81.150862
86.350000	81.598678
86.900000	82.048075
87.450000	82.504897
88.000000	82.966567
88.550000	83.438358
89.100000	83.909251
89.650000	84.353188
90.200000	84.760016
90.750000	85.173487
91.300000	85.495005
91.850000	85.817197
92.400000	86.111460
92.950000	86.326116
93.500000	86.524478
94.050000	86.707974
94.600000	86.877828
95.150000	87.035003
95.700000	87.299231
96.250000	87.412472
96.800000	87.563460
97.350000	87.714447
97.900000	87.865435
98.450000	88.026738
99.000000	88.240935
99.550000	88.387623
100.100000	88.653055
100.650000	88.954252
101.200000	89.286564
101.750000	89.533870
102.300000	90.085868
102.850000	90.549203
103.400000	90.965307
103.950000	91.378779
104.500000	92.194517
105.050000	92.656177
105.600000	93.209790
106.150000	91.816452
106.700000	94.187419
107.250000	94.694162
107.800000	95.126373
108.350000	95.535906
108.900000	95.962488
109.450000	96.355191
110.000000	96.715700
110.550000	97.069987
111.100000	97.459643
111.650000	97.743954
112.200000	97.925781
112.750000	98.089590
113.300000	98.267018
113.850000	97.320453
114.400000	97.681297
114.950000	98.053909
115.500000	98.432899
116.050000	94.992474
116.600000	99.187367
117.150000	99.275956
117.700000	99.385695
118.250000	99.360167
118.800000	99.297926
119.350000	99.284451
119.900000	99.230715
120.450000	89.814934
121.000000	99.090018
121.550000	99.039142
122.100000	98.953273
122.650000	98.915552
123.200000	98.860039
123.750000	98.731668
124.300000	98.588488
124.850000	98.233026
125.400000	97.904296
125.950000	97.528431
126.500000	97.083340
127.050000	96.661195
127.600000	96.280352
128.150000	95.920108
128.700000	95.471867
129.250000	95.002535
129.800000	83.868821
130.350000	94.341431
130.900000	94.105219
131.450000	82.491533
132.000000	82.129642
132.550000	81.858600
133.100000	82.595895
133.650000	92.901491
134.200000	82.653474
134.750000	94.224960
135.300000	94.578296
135.850000	95.017486
136.400000	79.497766
136.950000	95.827584
137.500000	96.422058
138.050000	97.038264
138.600000	97.656158
139.150000	98.146394
139.700000	98.633483
140.250000	99.119048
140.800000	99.600874
141.350000	100.078462
141.900000	18.789255
142.450000	16.722145
143.000000	16.493275
143.550000	18.730410
144.100000	15.868763
144.650000	15.492895
145.200000	15.092897
145.750000	14.654324
146.300000	14.266889
146.850000	
147.400000	
147.950000	
148.500000	
149.050000	
149.600000	
150.150000	
150.700000	
151.250000	
151.800000	
152.350000	
152.900000	
153.450000	
154.000000	
154.550000	
155.100000	
155.650000	
156.200000	
156.750000	
157.300000	
157.850000	
158.400000	
158.950000	
159.500000	
160.050000	
160.600000	
161.150000	
161.700000	
162.250000	
162.800000	
163.350000	
163.900000	
164.450000	
165.000000	
165.550000	
166.100000	
166.650000	
167.200000	
167.750000	
168.300000	
168.850000	
169.400000	
169.950000	
170.500000	
171.050000	
171.600000	
172.150000	
172.700000	
173.250000	
173.800000	
174.350000	
174.900000	
175.450000	
176.000000	
176.550000	
177.100000	
177.650000	
178.200000	
178.750000	
179.300000	
179.850000	
180.400000	
180.950000	
181.500000	
182.050000	
182.600000	
183.150000	
183.700000	
184.250000	
184.800000	
185.350000	
185.900000	
186.450000	
187.000000	
187.550000	
188.100000	
188.650000	
189.200000	
189.750000	
190.300000	
190.850000	
191.400000	
191.950000	
192.500000	
193.050000	
193.600000	
194.150000	
194.700000	
195.250000	
195.800000	
196.350000	
196.900000	
197.450000	
198.000000	
198.550000	
199.100000	
199.650000	
200.200000	
200.750000	
201.300000	
201.850000	
202.400000	
202.950000	
203.500000	
204.050000	
204.600000	
205.150000	
205.700000	
206.250000	
206.800000	
207.350000	
207.900000	
208.450000	
209.000000	
209.550000	
210.100000	
210.650000	
211.200000	
211.750000	
212.300000	
212.850000	
213.400000	
213.950000	
214.500000	
215.050000	
215.600000	
216.150000	
216.700000	
217.250000	
217.800000	
218.350000	
218.900000	
219.450000	
220.000000	
220.550000	
221.100000	
221.650000	
222.200000	
222.750000	
223.300000	
223.850000	
224.400000	
224.950000	
225.500000	
226.050000	
226.600000	
227.150000	
227.700000	
228.250000	
228.800000	
229.350000	
229.900000	
230.450000	
231.000000	
231.550000	
232.100000	
232.650000	
233.200000	
233.750000	
234.300000	
234.850000	
235.400000	
235.950000	
236.500000	
237.050000	
237.600000	
238.150000	
238.700000	
239.250000	
239.800000	
240.350000	
240.900000	
241.450000	
242.000000	
242.550000	
243.100000	
243.650000	
244.200000	
244.750000	
245.300000	
245.850000	
246.400000	
246.950000	
247.500000	
248.050000	
248.600000	
249.150000	
249.700000	
250.250000	
250.800000	
251.350000	
251.900000	
252.450000	
253.000000	
253.550000	
254.100000	
254.650000	
255.200000	
255.750000	
256.300000	
256.850000	
257.400000	
257.950000	
258.500000	
259.050000	
259.600000	
260.150000	
260.700000	
261.250000	
261.800000	
262.350000	
262.900000	
263.450000	
264.000000	
264.550000	
265.100000	
265.650000	
266.200000	
266.750000	
267.300000	
267.850000	
268.400000	
268.950000	
269.500000	
270.050000	
270.600000	
271.150000	
271.700000	
272.250000	
272.800000	
273.350000	
273.900000	
274.450000	
275.000000	
275.550000	
276.100000	
276.650000	
277.200000	
277.750000	
278.300000	
278.850000	
279.400000	
279.950000	
280.500000	
281.050000	
281.600000	
282.150000	
282.700000	
283.250000	
283.800000	
284.350000	
284.900000	
285.450000	
286.000000	
286.550000	
287.100000	
287.650000	
288.200000	
288.750000	
289.300000	
289.850000	
290.400000	
290.950000	
291.500000	
292.050000	
292.600000	
293.150000	
293.700000	
294.250000	
294.800000	
295.350000	
295.900000	
296.450000	
297.000000	
297.550000	
298.100000	
298.650000	
299.200000	
299.750000	
300.300000	
300.850000	
301.400000	
301.950000	
302.500000	
303.050000	
303.600000	
304.150000	
304.700000	
305.250000	
305.800000	
306.350000	
306.900000	
307.450000	
308.000000	
308.550000	
309.100000	
309.650000	
310.200000	
310.750000	
311.300000	
311.850000	
312.400000	
312.950000	
313.500000	
314.050000	
314.600000	
