This file was generated using SpermQ_Evaluator, a java application by Jan Niklas Hansen (© 2017 - 2020) (for credits see: https://github.com/IIIImaging/SpermQ_Evaluator).
Date of processing:	2021-02-15	21:11:42

This file contains the kymograph results for the parameter Y:
Results Amplitude:
arc length	Rabbit delta 78 heterozygote014_SpQP_spq_210215_204725
0.000000	0.205758
0.550000	1.064107
1.100000	2.093819
1.650000	3.001141
2.200000	3.723282
2.750000	4.478967
3.300000	5.064176
3.850000	5.613178
4.400000	5.759610
4.950000	5.675158
5.500000	5.651015
6.050000	5.711945
6.600000	5.668934
7.150000	2.851704
7.700000	2.064848
8.250000	2.377622
8.800000	2.855993
9.350000	3.705396
9.900000	4.492996
10.450000	5.766499
11.000000	6.662098
11.550000	7.415989
12.100000	8.458368
12.650000	9.345875
13.200000	10.474011
13.750000	11.197931
14.300000	12.346995
14.850000	13.204581
15.400000	14.204701
15.950000	15.262650
16.500000	16.265733
17.050000	17.235626
17.600000	18.112378
18.150000	19.157167
18.700000	20.112039
19.250000	21.172132
19.800000	22.379293
20.350000	23.290865
20.900000	24.224426
21.450000	25.205528
22.000000	25.393344
22.550000	27.227737
23.100000	28.291882
23.650000	29.422104
24.200000	30.427161
24.750000	30.560333
25.300000	32.619453
25.850000	33.772290
26.400000	34.777631
26.950000	35.646988
27.500000	36.510788
28.050000	37.237782
28.600000	37.973960
29.150000	38.846113
29.700000	39.790462
30.250000	40.745653
30.800000	41.750169
31.350000	42.788143
31.900000	43.710858
32.450000	45.246066
33.000000	46.089414
33.550000	47.028478
34.100000	47.889305
34.650000	48.888920
35.200000	49.796506
35.750000	50.920324
36.300000	51.810784
36.850000	52.892064
37.400000	53.864554
37.950000	53.804381
38.500000	55.866103
39.050000	56.712176
39.600000	57.480033
40.150000	58.375016
40.700000	59.263392
41.250000	60.184184
41.800000	61.291981
42.350000	62.261500
42.900000	63.303557
43.450000	64.300034
44.000000	65.324173
44.550000	66.244616
45.100000	67.052976
45.650000	68.388345
46.200000	69.355264
46.750000	70.265063
47.300000	71.133923
47.850000	71.972206
48.400000	73.190059
48.950000	74.332057
49.500000	75.207508
50.050000	76.202303
50.600000	76.687995
51.150000	78.147996
51.700000	79.143657
52.250000	80.059664
52.800000	80.903148
53.350000	81.899285
53.900000	82.809900
54.450000	81.677754
55.000000	84.578673
55.550000	85.613587
56.100000	86.423902
56.650000	87.197679
57.200000	88.026389
57.750000	88.770696
58.300000	89.405077
58.850000	90.047450
59.400000	90.835800
59.950000	90.235909
60.500000	91.982820
61.050000	92.193954
61.600000	92.969838
62.150000	93.851653
62.700000	94.741571
63.250000	95.605594
63.800000	96.569727
64.350000	97.478559
64.900000	98.420418
65.450000	99.441243
66.000000	100.329934
66.550000	100.802706
67.100000	102.316714
67.650000	103.265814
68.200000	104.106372
68.750000	104.990730
69.300000	103.667558
69.850000	106.598652
70.400000	106.797790
70.950000	108.001878
71.500000	108.689853
72.050000	109.340126
72.600000	109.653604
73.150000	109.771427
73.700000	110.225829
74.250000	110.700150
74.800000	108.178590
75.350000	111.464190
75.900000	111.734864
76.450000	109.409501
77.000000	108.454754
77.550000	108.433738
78.100000	108.242108
78.650000	105.894588
79.200000	106.778310
79.750000	107.197655
80.300000	107.570425
80.850000	107.746334
81.400000	108.149036
81.950000	108.186351
82.500000	108.606968
83.050000	108.620795
83.600000	108.707814
84.150000	108.415133
84.700000	107.674681
85.250000	106.912710
85.800000	106.196411
86.350000	105.471700
86.900000	105.316531
87.450000	105.099453
88.000000	104.964695
88.550000	104.647964
89.100000	104.459481
89.650000	104.008075
90.200000	99.611921
90.750000	103.496891
91.300000	102.898104
91.850000	102.442253
92.400000	101.801490
92.950000	94.576289
93.500000	101.060953
94.050000	95.685154
94.600000	94.312866
95.150000	94.290870
95.700000	94.323252
96.250000	94.413257
96.800000	102.150285
97.350000	102.356633
97.900000	102.615454
98.450000	102.617050
99.000000	102.601179
99.550000	102.386917
100.100000	102.543373
100.650000	102.522983
101.200000	102.562258
101.750000	102.431357
102.300000	102.536206
102.850000	102.499169
103.400000	102.441448
103.950000	102.440873
104.500000	102.357932
105.050000	102.505715
105.600000	102.537105
106.150000	102.560282
106.700000	102.491479
107.250000	102.565938
107.800000	102.751044
108.350000	103.810569
108.900000	104.975018
109.450000	105.943593
110.000000	107.099841
110.550000	102.800967
111.100000	109.416240
111.650000	110.343507
112.200000	111.501772
112.750000	112.519833
113.300000	113.507394
113.850000	114.602306
114.400000	115.715497
114.950000	116.779654
115.500000	117.788744
116.050000	118.834291
116.600000	119.952016
117.150000	120.861180
117.700000	121.238307
118.250000	122.746918
118.800000	123.728287
119.350000	124.730583
119.900000	124.869158
120.450000	126.681850
121.000000	127.667889
121.550000	128.720702
122.100000	129.687867
122.650000	130.676040
123.200000	131.734065
123.750000	132.595963
124.300000	133.660115
124.850000	134.543812
125.400000	135.470130
125.950000	136.521341
126.500000	137.458011
127.050000	138.566346
127.600000	139.443433
128.150000	140.385717
128.700000	141.323457
129.250000	142.260371
129.800000	143.169919
130.350000	144.109223
130.900000	144.946824
131.450000	145.895914
132.000000	146.794062
132.550000	147.563831
133.100000	148.355741
133.650000	149.167124
134.200000	150.094527
134.750000	150.950955
135.300000	151.823094
135.850000	152.673805
136.400000	153.536721
136.950000	103.200854
137.500000	134.366273
138.050000	156.162042
138.600000	156.642883
139.150000	157.353919
139.700000	158.095456
140.250000	158.707587
140.800000	159.279716
141.350000	159.950902
141.900000	80.223577
142.450000	80.475304
143.000000	80.849185
143.550000	81.104464
144.100000	81.361071
144.650000	81.623465
145.200000	81.894330
145.750000	82.341875
146.300000	82.467730
146.850000	
147.400000	
147.950000	
148.500000	
149.050000	
149.600000	
150.150000	
150.700000	
151.250000	
151.800000	
152.350000	
152.900000	
153.450000	
154.000000	
154.550000	
155.100000	
155.650000	
156.200000	
156.750000	
157.300000	
157.850000	
158.400000	
158.950000	
159.500000	
160.050000	
160.600000	
161.150000	
161.700000	
162.250000	
162.800000	
163.350000	
163.900000	
164.450000	
165.000000	
165.550000	
166.100000	
166.650000	
167.200000	
167.750000	
168.300000	
168.850000	
169.400000	
169.950000	
170.500000	
171.050000	
171.600000	
172.150000	
172.700000	
173.250000	
173.800000	
174.350000	
174.900000	
175.450000	
176.000000	
176.550000	
177.100000	
177.650000	
178.200000	
178.750000	
179.300000	
179.850000	
180.400000	
180.950000	
181.500000	
182.050000	
182.600000	
183.150000	
183.700000	
184.250000	
184.800000	
185.350000	
185.900000	
186.450000	
187.000000	
187.550000	
188.100000	
188.650000	
189.200000	
189.750000	
190.300000	
190.850000	
191.400000	
191.950000	
192.500000	
193.050000	
193.600000	
194.150000	
194.700000	
195.250000	
195.800000	
196.350000	
196.900000	
197.450000	
198.000000	
198.550000	
199.100000	
199.650000	
200.200000	
200.750000	
201.300000	
201.850000	
202.400000	
202.950000	
203.500000	
204.050000	
204.600000	
205.150000	
205.700000	
206.250000	
206.800000	
207.350000	
207.900000	
208.450000	
209.000000	
209.550000	
210.100000	
210.650000	
211.200000	
211.750000	
212.300000	
212.850000	
213.400000	
213.950000	
214.500000	
215.050000	
215.600000	
216.150000	
216.700000	
217.250000	
217.800000	
218.350000	
218.900000	
219.450000	
220.000000	
220.550000	
221.100000	
221.650000	
222.200000	
222.750000	
223.300000	
223.850000	
224.400000	
224.950000	
225.500000	
226.050000	
226.600000	
227.150000	
227.700000	
228.250000	
228.800000	
229.350000	
229.900000	
230.450000	
231.000000	
231.550000	
232.100000	
232.650000	
233.200000	
233.750000	
234.300000	
234.850000	
235.400000	
235.950000	
236.500000	
237.050000	
237.600000	
238.150000	
238.700000	
239.250000	
239.800000	
240.350000	
240.900000	
241.450000	
242.000000	
242.550000	
243.100000	
243.650000	
244.200000	
244.750000	
245.300000	
245.850000	
246.400000	
246.950000	
247.500000	
248.050000	
248.600000	
249.150000	
249.700000	
250.250000	
250.800000	
251.350000	
251.900000	
252.450000	
253.000000	
253.550000	
254.100000	
254.650000	
255.200000	
255.750000	
256.300000	
256.850000	
257.400000	
257.950000	
258.500000	
259.050000	
259.600000	
260.150000	
260.700000	
261.250000	
261.800000	
262.350000	
262.900000	
263.450000	
264.000000	
264.550000	
265.100000	
265.650000	
266.200000	
266.750000	
267.300000	
267.850000	
268.400000	
268.950000	
269.500000	
270.050000	
270.600000	
271.150000	
271.700000	
272.250000	
272.800000	
273.350000	
273.900000	
274.450000	
275.000000	
275.550000	
276.100000	
276.650000	
277.200000	
277.750000	
278.300000	
278.850000	
279.400000	
279.950000	
280.500000	
281.050000	
281.600000	
282.150000	
282.700000	
283.250000	
283.800000	
284.350000	
284.900000	
285.450000	
286.000000	
286.550000	
287.100000	
287.650000	
288.200000	
288.750000	
289.300000	
289.850000	
290.400000	
290.950000	
291.500000	
292.050000	
292.600000	
293.150000	
293.700000	
294.250000	
294.800000	
295.350000	
295.900000	
296.450000	
297.000000	
297.550000	
298.100000	
298.650000	
299.200000	
299.750000	
300.300000	
300.850000	
301.400000	
301.950000	
302.500000	
303.050000	
303.600000	
304.150000	
304.700000	
305.250000	
305.800000	
306.350000	
306.900000	
307.450000	
308.000000	
308.550000	
309.100000	
309.650000	
310.200000	
310.750000	
311.300000	
311.850000	
312.400000	
312.950000	
313.500000	
314.050000	
314.600000	
