This file was generated using SpermQ_Evaluator, a java application by Jan Niklas Hansen (© 2017 - 2020) (for credits see: https://github.com/IIIImaging/SpermQ_Evaluator).
Date of processing:	2021-02-15	21:11:42

This file contains the kymograph results for the parameter Y:
Results Minimum:
arc length	Rabbit delta 78 heterozygote014_SpQP_spq_210215_204725
0.000000	-0.110343
0.550000	-0.557322
1.100000	-1.092524
1.650000	-1.516565
2.200000	-1.844002
2.750000	-2.269834
3.300000	-2.642055
3.850000	-2.927836
4.400000	-2.855118
4.950000	-2.777255
5.500000	-2.620750
6.050000	-2.284009
6.600000	-1.855539
7.150000	-1.551206
7.700000	-1.250181
8.250000	-1.236757
8.800000	-1.293898
9.350000	-1.787349
9.900000	-2.172490
10.450000	-2.758672
11.000000	-3.173556
11.550000	-3.465098
12.100000	-3.970486
12.650000	-4.401846
13.200000	-5.079880
13.750000	-5.247366
14.300000	-5.883999
14.850000	-6.338928
15.400000	-6.857438
15.950000	-7.413418
16.500000	-7.973844
17.050000	-8.470712
17.600000	-8.952091
18.150000	-9.415088
18.700000	-9.927860
19.250000	-10.418416
19.800000	-11.034210
20.350000	-11.449429
20.900000	-11.925028
21.450000	-12.311287
22.000000	-11.909503
22.550000	-13.252277
23.100000	-13.818157
23.650000	-14.448813
24.200000	-15.080475
24.750000	-14.369435
25.300000	-15.931625
25.850000	-16.507701
26.400000	-17.015471
26.950000	-17.370849
27.500000	-17.672983
28.050000	-17.869450
28.600000	-18.019914
29.150000	-18.399438
29.700000	-18.872849
30.250000	-19.330570
30.800000	-19.848195
31.350000	-20.405493
31.900000	-20.816300
32.450000	-22.166248
33.000000	-22.537110
33.550000	-22.952239
34.100000	-23.339599
34.650000	-23.859510
35.200000	-24.250130
35.750000	-24.801848
36.300000	-25.242638
36.850000	-25.728693
37.400000	-26.186056
37.950000	-25.573276
38.500000	-27.084960
39.050000	-27.478463
39.600000	-27.742449
40.150000	-28.087589
40.700000	-28.436656
41.250000	-28.853402
41.800000	-29.509963
42.350000	-29.996295
42.900000	-30.475793
43.450000	-30.953294
44.000000	-31.493320
44.550000	-31.898917
45.100000	-32.178396
45.650000	-32.996416
46.200000	-33.430756
46.750000	-33.899073
47.300000	-34.284924
47.850000	-34.620095
48.400000	-35.270398
48.950000	-35.875764
49.500000	-36.306962
50.050000	-36.837361
50.600000	-37.334752
51.150000	-37.821313
51.700000	-38.365015
52.250000	-38.842088
52.800000	-39.310295
53.350000	-39.808256
53.900000	-40.282947
54.450000	-38.740490
55.000000	-41.116547
55.550000	-41.713601
56.100000	-42.075314
56.650000	-42.417094
57.200000	-42.757096
57.750000	-43.036222
58.300000	-43.245960
58.850000	-43.492104
59.400000	-43.867023
59.950000	-43.680449
60.500000	-44.471868
61.050000	-44.743883
61.600000	-45.132383
62.150000	-45.565500
62.700000	-46.029450
63.250000	-46.443439
63.800000	-47.010679
64.350000	-47.522537
64.900000	-48.046309
65.450000	-48.619250
66.000000	-49.088964
66.550000	-49.158997
67.100000	-50.250484
67.650000	-50.783174
68.200000	-51.271593
68.750000	-51.708021
69.300000	-50.022931
69.850000	-52.632283
70.400000	-52.497163
70.950000	-53.283568
71.500000	-53.587271
72.050000	-54.012909
72.600000	-54.230813
73.150000	-54.282439
73.700000	-54.610244
74.250000	-54.931416
74.800000	-54.295885
75.350000	-55.434674
75.900000	-55.665586
76.450000	-55.906493
77.000000	-53.949448
77.550000	-53.930849
78.100000	-53.805924
78.650000	-53.639887
79.200000	-53.475146
79.750000	-53.310178
80.300000	-53.091403
80.850000	-52.749293
81.400000	-52.546390
81.950000	-52.264515
82.500000	-51.996253
83.050000	-51.664184
83.600000	-51.365776
84.150000	-51.101096
84.700000	-50.706617
85.250000	-50.305682
85.800000	-49.914627
86.350000	-49.530694
86.900000	-49.173636
87.450000	-48.731285
88.000000	-48.380230
88.550000	-47.878808
89.100000	-47.527349
89.650000	-46.989577
90.200000	-46.641541
90.750000	-46.267007
91.300000	-45.756244
91.850000	-45.324298
92.400000	-44.857484
92.950000	-44.353748
93.500000	-44.367404
94.050000	-44.813077
94.600000	-45.405479
95.150000	-45.915250
95.700000	-46.515218
96.250000	-47.027503
96.800000	-47.536143
97.350000	-48.042616
97.900000	-48.679393
98.450000	-49.286431
99.000000	-49.799983
99.550000	-50.217536
100.100000	-50.789057
100.650000	-51.358001
101.200000	-51.872918
101.750000	-52.355129
102.300000	-52.965205
102.850000	-53.518040
103.400000	-54.046123
103.950000	-54.550310
104.500000	-55.055235
105.050000	-55.689319
105.600000	-56.310356
106.150000	-56.837079
106.700000	-57.267574
107.250000	-57.835170
107.800000	-58.332809
108.350000	-58.820208
108.900000	-59.393479
109.450000	-59.888779
110.000000	-60.499088
110.550000	-61.125369
111.100000	-61.604650
111.650000	-62.016729
112.200000	-62.649252
112.750000	-63.188803
113.300000	-63.648350
113.850000	-64.153183
114.400000	-64.716633
114.950000	-65.253950
115.500000	-65.734949
116.050000	-66.240681
116.600000	-66.792771
117.150000	-67.308453
117.700000	-67.161714
118.250000	-68.263757
118.800000	-68.822523
119.350000	-69.379064
119.900000	-69.026734
120.450000	-70.322126
121.000000	-70.779663
121.550000	-71.306324
122.100000	-71.878130
122.650000	-72.358041
123.200000	-72.798916
123.750000	-73.257810
124.300000	-73.770311
124.850000	-74.202235
125.400000	-74.650737
125.950000	-75.181411
126.500000	-75.623603
127.050000	-76.078534
127.600000	-76.452618
128.150000	-76.861817
128.700000	-77.295469
129.250000	-77.733523
129.800000	-78.171857
130.350000	-78.608212
130.900000	-79.024176
131.450000	-79.433047
132.000000	-79.886232
132.550000	-80.288619
133.100000	-80.687639
133.650000	-81.065571
134.200000	-81.460024
134.750000	-81.838665
135.300000	-82.202457
135.850000	-82.579501
136.400000	-82.958318
136.950000	-83.323663
137.500000	-83.702770
138.050000	-84.005233
138.600000	-84.257789
139.150000	-84.492096
139.700000	-84.710077
140.250000	-84.904974
140.800000	-85.048904
141.350000	-85.204385
141.900000	-60.743851
142.450000	-60.876851
143.000000	-61.084725
143.550000	-61.160195
144.100000	-61.293253
144.650000	-61.390597
145.200000	-61.451622
145.750000	-61.389653
146.300000	-61.344762
146.850000	?
147.400000	?
147.950000	?
148.500000	?
149.050000	?
149.600000	?
150.150000	?
150.700000	?
151.250000	?
151.800000	?
152.350000	?
152.900000	?
153.450000	?
154.000000	?
154.550000	?
155.100000	?
155.650000	?
156.200000	?
156.750000	?
157.300000	?
157.850000	?
158.400000	?
158.950000	?
159.500000	?
160.050000	?
160.600000	?
161.150000	?
161.700000	?
162.250000	?
162.800000	?
163.350000	?
163.900000	?
164.450000	?
165.000000	?
165.550000	?
166.100000	?
166.650000	?
167.200000	?
167.750000	?
168.300000	?
168.850000	?
169.400000	?
169.950000	?
170.500000	?
171.050000	?
171.600000	?
172.150000	?
172.700000	?
173.250000	?
173.800000	?
174.350000	?
174.900000	?
175.450000	?
176.000000	?
176.550000	?
177.100000	?
177.650000	?
178.200000	?
178.750000	?
179.300000	?
179.850000	?
180.400000	?
180.950000	?
181.500000	?
182.050000	?
182.600000	?
183.150000	?
183.700000	?
184.250000	?
184.800000	?
185.350000	?
185.900000	?
186.450000	?
187.000000	?
187.550000	?
188.100000	?
188.650000	?
189.200000	?
189.750000	?
190.300000	?
190.850000	?
191.400000	?
191.950000	?
192.500000	?
193.050000	?
193.600000	?
194.150000	?
194.700000	?
195.250000	?
195.800000	?
196.350000	?
196.900000	?
197.450000	?
198.000000	?
198.550000	?
199.100000	?
199.650000	?
200.200000	?
200.750000	?
201.300000	?
201.850000	?
202.400000	?
202.950000	?
203.500000	?
204.050000	?
204.600000	?
205.150000	?
205.700000	?
206.250000	?
206.800000	?
207.350000	?
207.900000	?
208.450000	?
209.000000	?
209.550000	?
210.100000	?
210.650000	?
211.200000	?
211.750000	?
212.300000	?
212.850000	?
213.400000	?
213.950000	?
214.500000	?
215.050000	?
215.600000	?
216.150000	?
216.700000	?
217.250000	?
217.800000	?
218.350000	?
218.900000	?
219.450000	?
220.000000	?
220.550000	?
221.100000	?
221.650000	?
222.200000	?
222.750000	?
223.300000	?
223.850000	?
224.400000	?
224.950000	?
225.500000	?
226.050000	?
226.600000	?
227.150000	?
227.700000	?
228.250000	?
228.800000	?
229.350000	?
229.900000	?
230.450000	?
231.000000	?
231.550000	?
232.100000	?
232.650000	?
233.200000	?
233.750000	?
234.300000	?
234.850000	?
235.400000	?
235.950000	?
236.500000	?
237.050000	?
237.600000	?
238.150000	?
238.700000	?
239.250000	?
239.800000	?
240.350000	?
240.900000	?
241.450000	?
242.000000	?
242.550000	?
243.100000	?
243.650000	?
244.200000	?
244.750000	?
245.300000	?
245.850000	?
246.400000	?
246.950000	?
247.500000	?
248.050000	?
248.600000	?
249.150000	?
249.700000	?
250.250000	?
250.800000	?
251.350000	?
251.900000	?
252.450000	?
253.000000	?
253.550000	?
254.100000	?
254.650000	?
255.200000	?
255.750000	?
256.300000	?
256.850000	?
257.400000	?
257.950000	?
258.500000	?
259.050000	?
259.600000	?
260.150000	?
260.700000	?
261.250000	?
261.800000	?
262.350000	?
262.900000	?
263.450000	?
264.000000	?
264.550000	?
265.100000	?
265.650000	?
266.200000	?
266.750000	?
267.300000	?
267.850000	?
268.400000	?
268.950000	?
269.500000	?
270.050000	?
270.600000	?
271.150000	?
271.700000	?
272.250000	?
272.800000	?
273.350000	?
273.900000	?
274.450000	?
275.000000	?
275.550000	?
276.100000	?
276.650000	?
277.200000	?
277.750000	?
278.300000	?
278.850000	?
279.400000	?
279.950000	?
280.500000	?
281.050000	?
281.600000	?
282.150000	?
282.700000	?
283.250000	?
283.800000	?
284.350000	?
284.900000	?
285.450000	?
286.000000	?
286.550000	?
287.100000	?
287.650000	?
288.200000	?
288.750000	?
289.300000	?
289.850000	?
290.400000	?
290.950000	?
291.500000	?
292.050000	?
292.600000	?
293.150000	?
293.700000	?
294.250000	?
294.800000	?
295.350000	?
295.900000	?
296.450000	?
297.000000	?
297.550000	?
298.100000	?
298.650000	?
299.200000	?
299.750000	?
300.300000	?
300.850000	?
301.400000	?
301.950000	?
302.500000	?
303.050000	?
303.600000	?
304.150000	?
304.700000	?
305.250000	
305.800000	
306.350000	
306.900000	?
307.450000	
308.000000	
308.550000	
309.100000	
309.650000	
310.200000	
310.750000	?
311.300000	
311.850000	?
312.400000	?
312.950000	?
313.500000	
314.050000	
314.600000	?
